number	title	pageid	namespace	length	touched
1	Antoine_Parmentier	356		45759	20170215093454
2	Cuisine_médiévale	537		107923	20170212174653
3	Cuisine	563		45082	20170212174653
4	Blanc_d'œuf	2534		6863	20170215143143
5	Recette_de_cuisine	2688		2792	20170128140223
6	Viandier	5111		11383	20170212174758
7	Unités_de_mesure_pour_la_cuisine	6297		3013	20170116110300
8	Confit_de_canard	7215		4941	20170215004546
9	Cuisine_de_Tahiti	8020		5957	20170215143148
10	Gulab_jamun	15058		1319	20170215143216
11	Cuisine_hongroise	15661		4233	20170215143216
12	La_Femme_du_boulanger	22115		10514	20170215004646
13	Crème_chantilly	22985		14424	20170208213952
14	Mon_oncle_Benjamin_(film)	26441		7978	20170212175151
15	Sablé_(biscuit)	27589		3572	20170215143337
16	Le_Chocolat	30310		5262	20170213112301
17	Cornes_de_gazelles	31051		2517	20170215143349
18	Ghribiya	31111		5031	20170215143349
19	Gâteau_au_fromage	31633		3296	20170215143349
20	Gâteau_au_fromage_à_la_mode_d'Obwald	31639		693	20170215143349
21	Gratin	36426		1623	20170201201642
22	Sandwich	37283		9072	20170214103528
23	Liste_de_cuisiniers	38581		6591	20170205171733
24	Marcus_Gavius_Apicius	38586		11757	20170205121103
25	Bassine_à_confiture	38592		758	20170215143356
26	Taco	39031		5485	20170212175303
27	Pastor_(cuisine)	39033		607	20170215143356
28	Cuisinier	39045		6173	20170215004703
29	Frigidaire	39242		2961	20170212175303
30	Le_Festin_de_Babette	40026		11313	20170215093030
31	La_Grande_Bouffe	40387		17769	20170212175306
32	Alimentation_dans_l'Égypte_antique	40687		10188	20170212175306
33	Þorramatur	42064		1874	20170215143406
34	Le_père_Noël_est_une_ordure	42960		24838	20170213130707
35	Les_Tontons_flingueurs	43178		33720	20170212175320
36	La_Traversée_de_Paris	46178		18629	20170215004719
37	Le_Dîner_de_cons	46918		24292	20170215004719
38	Delicatessen_(film)	47751		6277	20170212175344
39	Qualité_sanitaire_de_la_nourriture	48184		2842	20170215143418
40	Pâte_sucrée	54737		1174	20170215143423
41	Histoire_de_l'art_culinaire	55020		16978	20170215143423
42	Ingrédient_de_cuisine	55077		2285	20170204150413
43	Liste_des_cuisines_du_monde	55082		9003	20170215143423
44	Assaisonnements,_condiments_et_moutardes	55201		3702	20170116110812
45	Sambal_(cuisine)	55281		10577	20170215143423
46	Tahini	55286		2154	20170213133535
47	Mirepoix_(cuisine)	55330		1242	20170116110812
48	Légume_vert	56368		1460	20170215143426
49	Infusion	56399		1458	20170215143426
50	Fruit_rouge	57163		1426	20170215143430
51	Liste_des_poissons_de_mer_utilisés_en_cuisine	57488		7548	20170116110833
52	Paul_Thalamas	62272		3385	20170215143442
53	Paul_Jullemier	62273		663	20170215143442
54	Auguste_Escoffier	62274		21314	20170212175547
55	Gâteau_au_chocolat	63129		2192	20170215143442
56	Bœuf_haché	64741		2092	20170116110910
57	Composition_nutritionnelle_des_aliments	66201		2073	20170126234042
58	Composition_nutritionnelle_des_boissons	66217		17940	20170116110914
59	Composition_nutritionnelle_des_sucres_et_dérivés	66225		8498	20170116110914
60	Composition_nutritionnelle_des_corps_gras	66232		5906	20170116110914
61	Composition_nutritionnelle_des_fruits	66476		79279	20170215004750
62	Sucre_d'érable	66971		2061	20170215143450
63	Composition_nutritionnelle_des_légumes_et_dérivés	68679		15052	20170215004754
64	Osso_buco	71862		3879	20170215143458
65	Marie-Antoine_Carême	72793		14493	20170212175707
66	L'Auberge_rouge_(film,_1951)	75066		12361	20170212175718
67	Alexandre_le_bienheureux	75991		5846	20170215103515
68	Panetière	79944		3807	20170208150122
69	Brunoise	81598		477	20170215143510
70	Réfrigérateur	86777		23809	20170213163751
71	Lakh	87250		5188	20170215143526
72	Potager_(cuisine)	88135		26342	20170131033351
73	Conserve	94330		16018	20170212180034
74	Panure_à_l'anglaise	94926		1008	20170215143543
75	Frita	95178		1930	20170215143543
76	Réaction_de_Maillard	96465		25726	20170212180059
77	Far_breton	98159		1981	20170215143558
78	Alice_B._Toklas	99925		5948	20170212180142
79	Cooper's_Sparkling_Ale	104466		442	20170215143607
80	Ebly	106226		2694	20170215143609
81	Cuisson_du_riz	106234		5246	20170215143609
82	Macis	110605		2298	20170215143620
83	Tramousse	110696		2047	20170215143625
84	Cuisine_brésilienne	112198		5159	20170215143627
85	Guazzetto	116919		1184	20170215143635
86	Noix_de_pécan	117645		2840	20170215143635
87	François_Vatel	117722		21901	20170212180340
88	Panforte	118737		1599	20170215143652
89	Lasagnes	120324		2700	20170215143656
90	Pâtissier	120332		6700	20170215143656
91	Chocolatier	120336		2630	20170215143656
92	Pemmican	120353		2676	20170215143703
93	Fourchette	122110		6981	20170215143703
94	Cuisine_alsacienne	125801		7190	20170215143708
95	Cuisine_des_pays_du_Maghreb	131258		12280	20170215143722
96	Morue	138616		20681	20170215151339
97	Truffade	141861		5401	20170212180556
98	Avisances	142177		435	20170215143814
99	Gendarme_(charcuterie)	147333		1816	20170215143833
100	L'Aile_ou_la_Cuisse	147520		12296	20170212180622
101	Art_culinaire	154063		1164	20170215143857
102	Saladier	156183		549	20170215143859
103	Amatriciana	157105		1604	20170215143902
104	Kebab	162555		15327	20170214182415
105	Dîner	162644		2041	20170215143941
106	Charlie_et_la_Chocolaterie_(film,_2005)	163875		16969	20170215005004
107	Crêperie	165757		2189	20170215143948
108	Yakitori	166419		9460	20170212180804
109	Cul_de_poule	166510		884	20170215143959
110	Court-bouillon	167779		1710	20170215143959
111	Salade_de_fruits	172043		2016	20170215144010
112	Conservateur_alimentaire	174610		3241	20170215144024
113	Piperade	176735		3182	20170215144033
114	Raoul_Ponchon	181379		10831	20170210210851
115	Arepa	181498		1580	20170215144043
116	Pakora	182101		7298	20170215144100
117	Caramilk	182274		1931	20170215144100
118	Guillaume_Tirel	185106		4080	20170211123611
119	Congélation	188672		9870	20170212181110
120	Alexandre_Balthazar_Laurent_Grimod_de_La_Reynière	190553		22191	20170212181132
121	Cuisine_salvadorienne	192466		1390	20170215144158
122	Pupusa	192473		2293	20170215144158
123	Al_dente	195347		1347	20170215144213
124	Visitor_Q	196609		5338	20170212181221
125	Festen	196983		5234	20170212181231
126	Tandoori	198487		1348	20170215144223
127	Macération	199168		3367	20170215144228
128	Charlie_et_la_Chocolaterie_(film,_1971)	200996		7929	20170212181306
129	Les_Mille_et_Une_Recettes_du_cuisinier_amoureux	202832		5834	20170212181317
130	Cuisine_nyonya	205887		313	20170215144314
131	Pétrissage	205901		5986	20170116112437
132	Cuisine_éthiopienne	207169		3618	20170215144323
133	Le_Cauchemar_de_Darwin	208582		16284	20170214182720
134	Chaudrée_de_palourdes	210774		1199	20170215144331
135	Réfrigération	211325		11486	20170215144334
136	Cave_à_vin	211451		18420	20170116112517
137	Pêche_Melba	218150		1730	20170215144412
138	Tamal	221896		3909	20170215144422
139	Hallaca	224541		1670	20170215144426
140	Kacha	225221		723	20170215144429
141	Cannelloni	229531		839	20170215144446
142	Cha-Cha	231387		901	20170215144452
143	Cuisiniers_connus_au_Moyen_Âge_et_à_la_Renaissance_en_Europe	235591		6869	20170128150400
144	Harira	236839		3053	20170215144501
145	Pain_polaire	243071		1752	20170215144529
146	Saurisserie	243801		338	20170215144530
147	Cake_(gâteau)	243807		4127	20170215144530
148	Œuf_à_la_coque	244578		3549	20170215144530
149	La_Soupe_aux_choux_(film)	244679		28206	20170213215223
150	Plov	246638		1489	20170215144551
151	Moule_(ustensile)	247441		2090	20170215144552
152	Paul_Carton	250489		17231	20170215093455
153	Vergeoise	252004		1971	20170215144619
154	Forêt-noire_(gâteau)	256931		1757	20170215144635
155	Flageolet_(légume)	257735		2023	20170215144636
156	Dragée	259038		10972	20170215144639
157	Tortellini	260741		1744	20170215144648
158	Chère_Martha	262200		1782	20170212181923
159	Cuisine_tchèque	263941		6801	20170215144655
160	Pabellón	264262		912	20170215144659
161	Mezzé	267863		2237	20170215144701
162	Fatouche	268532		612	20170215144708
163	Dessiccation	271738		4555	20170215144714
164	Rice_Rhapsody	271834		2461	20170212182044
165	Hot-dog	272132		7019	20170212182050
166	Tortas_de_Aceite	273125		1699	20170215144714
167	Festival_international_cinéma_et_gastronomie_de_Dijon	274493		1559	20170215144718
168	Plaque_à_induction	275484		7618	20170215144724
169	Rancissement	279285		1454	20170116113055
170	Flamiche	291950		1917	20170215144843
171	Le_Festin_chinois	292723		2641	20170212182258
172	Johann-Carl_Leuchs	292861		783	20170215144847
173	Panna_cotta	294190		2552	20170215144850
174	Alléluia_(pâtisserie)	299209		2550	20170215144924
175	Sot-l'y-laisse	300334		5969	20170215144928
176	Pâte_phyllo	306629		1487	20170215145004
177	Soumbala	307128		1056	20170215145004
178	Merguez	308979		3981	20170215145012
179	Casse_(épice)	311080		1421	20170215145041
180	Big_Mac	321042		13105	20170215145202
181	Dessert	321222		2935	20170215145202
182	Archestrate	322909		5001	20170212182803
183	Merci_pour_le_chocolat	329812		7794	20170212182834
184	Culotte_(viande)	329858		442	20170215145253
185	Kémia	331888		2802	20170215145255
186	The_God_of_Cookery	340109		3974	20170212182929
187	Blettissement	346477		776	20170215145337
188	Nicolas_Stohrer	347584		2508	20170215145345
189	Casserole	348010		3977	20170215145347
190	Farine_de_maïs	351680		3734	20170215145414
191	Lapin_à_la_liégeoise	352288		800	20170215145415
192	Jaune_d'œuf	357234		2839	20170215145429
193	Moule_à_tarte	358654		1674	20170215145434
194	Semoule	359197		6779	20170215005831
195	Jésuite_(pâtisserie)	373641		921	20170215145511
196	Sorbate_de_potassium	376064		5353	20170215145521
197	Ayran	377412		2002	20170215145532
198	Galette-saucisse	377919		36519	20170212183315
199	Fruitier	379506		5421	20170128153447
200	Tendron	379756		378	20170215145538
201	Grillade	379981		4126	20170215145538
202	Faux-filet	379985		1226	20170215145538
203	Spatule_(cuisine)	388647		2139	20170215145636
204	Boite_de_conserve	391859		158341	20170213140914
205	Fumage	391862		16850	20170212183516
206	Mousseline	394110		5384	20170215145739
207	Bagel	394343		7948	20170212183547
208	Pepperoni	395319		772	20170215145740
209	Bouchiar	401042		384	20170215145829
210	Baghrir	401053		2311	20170215145829
211	Ahriche	401057		976	20170215145829
212	Tapioca	406154		5792	20170212215132
213	Saucisse	406616		16501	20170215145916
214	Pot_(récipient)	406835		2659	20170215145919
215	Crème_Budwig	410476		2506	20170215145941
216	Coucougnette	411950		1114	20170215145949
217	Piccadilly_(film)	412308		2304	20170213075931
218	Nouvelle_Cuisine_(film)	412363		4345	20170212183755
219	Bouillie	413173		8927	20170212183801
220	Jean_Anthelme_Brillat-Savarin	413513		21928	20170215160705
221	Guy_Penaud	422092		31348	20170213131149
222	Plaque_électrique	425661		1648	20170215150105
223	Tarte_à_la_crème	425864		1522	20170215150105
224	Tahricht	430307		397	20170215150122
225	Saindoux	431569		7888	20170215150133
226	Chaîne_du_froid	431617		10139	20170215150133
227	Congélateur	431627		10340	20170212183937
228	Surgélation	431682		3096	20170116115017
229	Une_affaire_de_goût	433490		17411	20170212183941
230	Emeril_Lagasse	435785		949	20170215150143
231	Absolument_fabuleux	436933		11689	20170212183947
232	Louche	438603		3806	20170215150151
233	Wallace_et_Gromit_:_Le_Mystère_du_lapin-garou	440169		12341	20170212183955
234	Plat_bernois	441810		1832	20170215150210
235	Mandoline_(ustensile)	444979		2520	20170215150224
236	Eau_de_rose	457775		1389	20170215150250
237	Le_facteur_sonne_toujours_deux_fois_(film,_1981)	462662		6575	20170212184127
238	Pain_au_chocolat	471081		3121	20170215150352
239	Œuf_poché	476359		2282	20170215150432
240	Cuisine_bretonne	478811		6668	20170215150435
241	Le_Creuset	487746		6606	20170212184512
242	Tupperware	488106		11025	20170212184512
243	Cassole	493170		1872	20170215150539
244	Râpe_(ustensile)	494152		847	20170215150539
245	Julius_Arndt	496019		1485	20170215150542
246	Biscuit_de_Montbozon	496026		2171	20170215150542
247	Theodor_Drexel	496032		1421	20170116115854
248	Les_Contenances_de_la_table	496155		4064	20170131034430
249	François_Pierre_de_La_Varenne	497035		6188	20170210090841
250	Alexandre_Choron	498580		3053	20170212184540
251	Plaque_de_four	498968		813	20170215150546
252	Couperet_(ustensile)	499047		1565	20170215150546
253	Couvercle	499059		2307	20170215150546
254	Roger_Vaultier	499774		2903	20170211130524
255	Kluski	500602		762	20170215150549
256	Potée_lorraine	501882		1142	20170215150550
257	Peter_Durand	502946		3973	20170215150554
258	Jean-Pierre_Coffe	504387		38045	20170215010305
259	Cornish_pasty	505038		895	20170215150609
260	Moule_à_manqué	505271		536	20170215150609
261	Salami	505380		2836	20170215150609
262	Pitepalt	506845		825	20170215150619
263	Cuisine_andalouse	513256		543	20170215150655
264	Cuisine_basque	514056		13351	20170215150658
265	Cuisine_castillane	514140		1085	20170215150658
266	Cuisine_ivoirienne	514588		7111	20170215150700
267	Tequeño	515695		1228	20170215150703
268	Abbé_de_Chanvalon	518876		3246	20170213132809
269	Pâte_à_tartiner	518986		2686	20170215150713
270	Matelote_(cuisine)	518991		2959	20170215150713
271	Ménagier_de_Paris	519855		12465	20170131034445
272	Louis_Liger	520287		6565	20170213132809
273	Nouvelle_cuisine	521063		19239	20170212184709
274	Cuisine_cadienne	521086		1844	20170215150715
275	Meurette	524976		442	20170215150732
276	Halušky	526912		2306	20170215150735
277	Chinois_(gâteau)	527215		2049	20170215150735
278	Pogne	527425		2390	20170215150735
279	Cordon_bleu	530243		4134	20170215150736
280	Cuisine_savoyarde	533603		3923	20170215150814
281	Fèves_au_lard	539600		1859	20170215150851
282	Le_Grand_Restaurant_(film,_1966)	542030		9786	20170215010406
283	Truffe_en_chocolat	543361		1551	20170215150903
284	Levure_chimique	548629		3951	20170215150943
285	Figatellu	548829		4782	20170215150943
286	Enchilada	559697		1628	20170215151042
287	Alimentation_en_Grèce_antique	559884		64979	20170212185218
288	Kiełbasa	562330		630	20170215151054
289	Caramélisation	562416		3773	20170215151104
290	Beurre_manié	562427		621	20170215151104
291	Croque-madame	562787		1110	20170215151104
292	Boulette	562816		9687	20170215151104
293	Huile_de_lin	562854		19046	20170215151104
294	Huile_de_pépins_de_raisin	562874		7192	20170215151104
295	L'Attaque_de_la_moussaka_géante	573584		4823	20170212185308
296	Tamago_kake_gohan	577480		1323	20170215151207
297	Nian_gao	583212		2047	20170215151223
298	Pancetta	589550		2225	20170215151236
299	Goumo	590740		334	20170215151237
300	Cuisine_de_la_Rome_antique	593701		16943	20170201223507
301	Mousline	594288		3335	20170215151245
302	Sauce_Worcestershire	595517		2667	20170215151303
303	Tire_de_la_Sainte-Catherine	597023		474	20170215151313
304	Cuisine_inuite	604592		826	20170215151334
305	Oden	605501		1755	20170215151334
306	Betty_Bossi	610930		4581	20170128200222
307	Chouquette	615786		1706	20170215151352
308	Caquelon	617912		1503	20170215151401
309	Kugel	624536		996	20170215151423
310	Lait_UHT	634664		7420	20170212185725
311	Farine_de_pomme_de_terre	634937		3464	20170215151453
312	Nabe_(cuisine)	635265		1905	20170215151453
313	Russe_(ustensile)	637608		598	20170215151509
314	Sauteuse	637613		746	20170215151509
315	Calmos	638367		7077	20170215010732
316	Patatas_fritas	639908		448	20170215151522
317	Huile_de_coco	643052		7593	20170215151533
318	Cuisine_angevine	644214		9752	20170215151546
319	Balut_(cuisine)	645265		2155	20170215151550
320	Coddle	647312		823	20170215151600
321	Cuisine_tanzanienne	648648		2105	20170215151604
322	Bouillon_(cuisine)	655486		8912	20170215151620
323	Grelos	657679		649	20170215151623
324	Paczki	663547		873	20170215151628
325	Frédéric_Neuhaus	665568		987	20170215151634
326	Huile_d'arachide	668559		11604	20170215151653
327	Morcilla	669727		1306	20170215151700
328	Boulghour	683516		3848	20170128162557
329	Börek	686897		4655	20170215151809
330	Cuisine_fusion	687549		5675	20170213134727
331	Confiserie	695377		4171	20170215151828
332	Ganache	696805		1878	20170215151847
333	Brouet	699385		815	20170116121249
334	Dibi	700883		333	20170215151905
335	Ça_va_se_savoir_(gâteau)	703309		635	20170215151912
336	Empanada	706917		8177	20170215151920
337	Bodink	709537		388	20170215151924
338	Yakhchal	715600		1796	20170215151953
339	Tampopo	717467		2493	20170212190309
340	Flexitarisme	718477		4802	20170215152009
341	Bol_(vaisselle)	720338		1794	20170215152029
342	Goni_(sac)	720669		2354	20170215152029
343	Rétro-olfaction	720773		4215	20170212190317
344	Carry	722039		6535	20170215152038
345	DjenKoumé	727003		604	20170215152047
346	Ernest_Auricoste_de_Lazarque	727570		4425	20170213101200
347	Salaison	728899		9782	20170212190341
348	Gens_de_Dublin	733565		3671	20170215152055
349	Kohlwurst	742150		468	20170215152124
350	Bregenwurst	742154		350	20170215152124
351	Mentos	742745		3465	20170215152138
352	Boule_de_riz	743525		2132	20170215152138
353	Rougail_saucisses	747001		951	20170215152155
354	Confit	748848		1972	20170215152204
355	Farine_panifiable	750094		606	20170215152211
356	Marmite_en_fonte	750409		2962	20170215152214
357	Vermicelle	754377		671	20170215152238
358	Sauce_Foyot	760330		236	20170215152257
359	Cuisine_et_Dépendances	771146		3721	20170215010954
360	Moambe	774249		1576	20170215152332
361	Gaufre_de_Bruxelles	782314		4995	20170215152348
362	Risotto_au_noir	784994		772	20170215152359
363	Trou_normand	792099		2602	20170215152436
364	Rollmops	795015		2092	20170215152449
365	Purée_de_pommes_de_terre	795551		950	20170215152449
366	Purée	795556		1394	20170215152449
367	Feuillardier	797449		4727	20170215152454
368	Saag	799170		2350	20170215152502
369	Diner_(restaurant)	804722		3231	20170215152512
370	Fouet_électrique	806597		1177	20170215152517
371	Nos_voisins,_les_hommes	809849		5441	20170212190758
372	Zongzi	821749		3520	20170215152601
373	Sucre_semoule	823960		367	20170215152603
374	Sucre_glace	823961		3302	20170215152603
375	Liste_des_restaurants_deux_et_trois_étoiles_du_Guide_Michelin	824089		53173	20170128164202
376	Vinaigre_de_riz	834023		4538	20170215152649
377	Abaisse	834236		350	20170215152655
378	Caricole	834453		1908	20170215152655
379	Torrée	839685		2754	20170215152712
380	Tacuinum_sanitatis	842391		18183	20170212191026
381	Laiterie_(débit_de_boissons)	849154		15317	20170212191113
382	Sauce_cinq_P	851018		638	20170215152754
383	Glacière	852833		8855	20170215152802
384	Bajana	856737		2144	20170215152808
385	Amarena	857850		1620	20170215152809
386	Liqueur_de_mirabelle	858650		1268	20170215152809
387	Charles-Yves_Cousin_d'Avallon	859651		16638	20170212191214
388	Surströmming	861872		1591	20170215152817
389	Genèse_d'un_repas	867615		2930	20170212191250
390	Cuisine_bélizienne	877457		741	20170215152909
391	Cuisine_bolivienne	877647		2658	20170215152911
392	Cuisine_équatorienne	877961		2267	20170215152911
393	Cuisine_paraguayenne	878006		1462	20170215152911
394	Cuisine_vénézuélienne	878038		3298	20170215152911
395	Cuisine_sud-africaine	878042		5887	20170215152911
396	Cuisine_birmane	878056		2256	20170215152911
397	Cuisine_mongole	878131		10737	20170215152915
398	Cuisine_ouzbèke	878142		844	20170215152915
399	Jausiereine	880081		1365	20170215152920
400	Belle_de_Fontenay	882404		14408	20170215152936
401	La_Cuisine_au_beurre	885512		9350	20170212191531
402	The_Van	898929		2734	20170212191821
403	Brochette	899088		2303	20170215153219
404	Smarties	899907		3134	20170215153219
405	Daube	905307		3130	20170212191840
406	Assiette_(vaisselle)	915527		7640	20170215153324
407	Zakouski	918662		1752	20170215153330
408	Alessi	919103		5800	20170212191938
409	Aloo_gobi	923949		2128	20170215153340
410	Mario_Ruspoli	929645		6638	20170215153401
411	Fraises_Romanof	931932		690	20170215153407
412	Ceviche	951544		1979	20170215153527
413	Marinade	951549		6130	20170215011406
414	Rôtie	952224		808	20170215153532
415	Garçon_!	957523		3707	20170212192315
416	Saccharification	959951		942	20170215153604
417	Craquelin_(Belgique)	960134		1438	20170215153604
418	Gâteau_d'anniversaire	961423		2995	20170215153620
419	Riz_cargo	962783		2337	20170215153638
420	Porc_au_caramel	963181		905	20170215153642
421	Lechona	964041		318	20170215153643
422	Farcidure	965613		2767	20170215153651
423	Haricot_de_mouton	965886		4537	20170215153651
424	Anthony_Bourdain	966243		3321	20170210091306
425	Pocari_Sweat	973737		1250	20170215153711
426	Huile_de_noix	975807		6224	20170215153720
427	Rouleau_à_pâtisserie	976873		1198	20170215153725
428	L'Odeur_de_la_papaye_verte	984243		2643	20170212192529
429	Cramique	985574		1139	20170215153740
430	Guasacaca	994194		492	20170215153829
431	Farce_(cuisine)	1006275		1766	20170215153905
432	Maestro_Martino	1007179		4856	20170212192645
433	Boucané	1008473		2030	20170215153912
434	Hourite	1008539		1813	20170215153912
435	Faludeh	1008566		532	20170215153912
436	Cargolade	1014851		1329	20170215153924
437	Chè	1018221		1070	20170215153954
438	Cachupa	1019226		1612	20170215154001
439	Poisson_salé	1025742		473	20170215154024
440	Ginette_Mathiot	1028488		11893	20170213120534
441	La_Cuisine_pour_tous	1028521		1185	20170129154612
442	Guy_Degrenne_(entreprise)	1029476		6891	20170215154036
443	L'Homme_bicentenaire_(film)	1035075		12021	20170215011533
444	Yorkshire_pudding	1042873		2675	20170215154103
445	Bredele	1044757		3656	20170215154109
446	Boxoferrophilie	1045195		4191	20170215154109
447	Sauce_cocktail	1047091		1828	20170215154114
448	Beignets_de_tomates_vertes	1050363		11184	20170212192917
449	Beondegi	1053700		830	20170214110033
450	Sauce_à_la_pauvre_homme	1056164		1935	20170215154139
451	Lait_concentré_sucré	1062396		2419	20170215154212
452	Liste_des_sources_historiques_sur_la_cuisine_chinoise	1062620		7376	20170116123856
453	Brik	1063704		2245	20170215154216
454	Service_à_la_russe	1065026		4117	20170214182729
455	Gâteau_de_lune	1069885		3494	20170215154234
456	Takoyaki	1072123		3953	20170212193024
457	Chapelure	1077131		1572	20170131035654
458	Kebsa	1091512		675	20170215154345
459	Lardon_(cuisine)	1094562		789	20170215154351
460	Kebbé_nayé	1095073		818	20170215154354
461	Tetrapharmacum	1095989		2407	20170128170720
462	Kochari	1096897		1455	20170215154356
463	Panzerotti	1100211		809	20170215154404
464	Cuisine_égyptienne	1101212		3716	20170215154407
465	Marc_Veyrat	1103536		22399	20170215103520
466	Cuisine_ukrainienne	1112235		10082	20170215154443
467	Le_Retour_des_tomates_tueuses	1118744		4200	20170215154457
468	Salambo_(pâtisserie)	1121195		1683	20170215154503
469	Fusil_(outil)	1122093		820	20170215154506
470	Saupiquet_(entreprise)	1123456		5795	20170215154507
471	Bouillon_d'awara	1133406		2320	20170215154555
472	Relish	1134226		2326	20170215154555
473	L'Auberge_rouge_(film,_2007)	1134823		3785	20170212193437
474	Riz_wolof	1136890		2724	20170215154600
475	Cuisine_(pièce)	1139640		17651	20170127014456
476	Markus_Wolf	1140926		8355	20170210000703
477	Cuisine_sénégalaise	1147136		22246	20170212193513
478	Ferrero_Rocher	1151921		4311	20170215154659
479	Chef_Boyardee	1158537		3511	20170215154722
480	Poêle_à_poisson	1163436		467	20170215154744
481	Cassegrain_(entreprise)	1164155		4317	20170215154744
482	Gilles_Pudlowski	1165650		13134	20170212193637
483	Feuilleté	1166515		324	20170215154753
484	Anticucho	1168877		2598	20170215154758
485	Taxidermie_(film)	1176811		3853	20170214183106
486	Magret_séché	1179913		3346	20170215154857
487	Service_(cuisine)	1188199		6144	20170209214944
488	Croûton	1191553		1718	20170212193810
489	Bsissa	1195489		2111	20170215154959
490	Liboke	1197954		1171	20170215155021
491	Biscôme	1198066		2940	20170215155021
492	L'Attaque_des_tomates_tueuses	1198348		5762	20170212193853
493	Digestive_biscuit	1199972		2389	20170215155029
494	Cuisine_togolaise	1202278		9514	20170215155029
495	Fricassé	1204993		1419	20170215155037
496	Dunn's_Famous	1208545		930	20170215155047
497	Zesteur	1212904		1144	20170215155058
498	Grenadin	1215177		195	20170215155105
499	Maïzena	1218245		2803	20170215155118
500	Cheesecake	1220873		5948	20170215155124
501	Christstollen	1220917		3909	20170215155124
502	Persipan	1221433		1023	20170215155125
503	Gras-double	1228563		397	20170215155149
504	Steak	1229318		5368	20170215155158
505	Boule_de_Berlin	1232653		3428	20170215155206
506	Lait_concentré_non_sucré	1235495		1449	20170215155227
507	Au_loin_s'en_vont_les_nuages	1236355		3525	20170212194107
508	Arc_International	1241190		16473	20170215011833
509	Chef,_la_recette_!	1242218		1776	20170215155252
510	Cuisine_camerounaise	1245626		9789	20170215155311
511	Aspic_(gastronomie)	1246373		5744	20170215155313
512	Pudding_au_pain	1246979		1456	20170215155313
513	Cuisine_britannique	1247038		9562	20170215155313
514	Marmite_(ustensile)	1252485		1284	20170215155345
515	Sirop_de_glucose	1254814		1727	20170215155350
516	Humita	1255856		1403	20170215155351
517	Service_à_la_française	1265886		7107	20170212194239
518	Bibeleskaes	1266507		1844	20170215155430
519	Gravlax	1268465		2151	20170215155431
520	Sarah_Wiener	1271479		6492	20170215155448
521	Merlu_koxkera	1273213		627	20170215155453
522	Ttoro	1273228		1381	20170215155453
523	Ojja	1275761		1066	20170215155458
524	Sirop_de_maïs	1276745		28255	20170215155500
525	Pâte_de_guimauve	1276752		519	20170215155500
526	Cuisine_acadienne	1278072		14778	20170215155501
527	Le_Tour_de_France_culinaire_de_Sarah_Wiener	1279545		1652	20170215155505
528	Huile_de_sésame	1280333		9779	20170215155506
529	Couteau_de_chef	1283217		491	20170215155513
530	Huile_de_tournesol	1286625		9882	20170215155539
531	Tajine_tunisien	1286708		2029	20170215155539
532	Concours_mondial_de_la_cuisine	1294213		8419	20170215155634
533	Livre_de_cuisine	1294317		9169	20170215155642
534	Marcel_Boulestin	1295033		696	20170215155642
535	Fast_Food_Nation_(film)	1295195		5681	20170215011917
536	Cuisine_levantine	1297660		1203	20170215155657
537	Frijoles_refritos	1299434		1148	20170215155701
538	Linguine	1301304		1718	20170215155712
539	Cuisine_mauritanienne	1301565		5975	20170212194437
540	Macération_alcoolique	1303080		908	20170215155715
541	Grillardise	1304963		2702	20170215155722
542	Egg_cream	1309482		1400	20170215155755
543	Kipper	1313297		829	20170215155811
544	Michel_Bras	1319335		4072	20170215155835
545	Mousse_(cuisine)	1321677		828	20170215155842
546	Briani_(gastronomie)	1323597		739	20170215155843
547	Sauce_tyrolienne	1325132		234	20170215155846
548	Lablabi	1332750		2039	20170215155936
549	Kefteji	1332761		1484	20170215155936
550	Slata_méchouia	1332769		1706	20170215155942
551	Chorba_frik	1345972		1538	20170215160037
552	Le_Witloof_belge	1348598		839	20170205190838
553	Baozi	1348818		9538	20170212194643
554	Sucre_d'orge	1354048		4071	20170215160153
555	Joseph_Favre	1362689		9430	20170210091616
556	Activité_de_l'eau	1363635		2641	20170215160221
557	Académie_culinaire_de_France	1365319		3921	20170127015914
558	Boulangerie_viennoiserie_industrielle	1368189		2530	20170215160236
559	Crumpet	1371190		1846	20170215160242
560	Hammarplast_AB	1371465		2019	20170215160242
561	Chef_cuisinier	1376247		6359	20170205121103
562	Écumoire	1387460		2114	20170215160341
563	Égouttoir	1387592		2405	20170215160341
564	Enrobage	1390210		25396	20170124182235
565	Couvert_de_table	1391447		5916	20170215160359
566	Flocon_d'avoine	1396389		1776	20170215160411
567	Aliment_de_base	1397518		2636	20170215160415
568	Ris_de_veau	1398970		1067	20170215160417
569	Viande_d'agneau	1412859		10491	20170215160441
570	Presse-purée	1418402		1928	20170215160449
571	Boissons_de_Spa	1425586		7019	20170215012124
572	Au_petit_Marguery	1430426		2692	20170212195051
573	Bahut_(cuisine)	1431688		248	20170215160527
574	Pappardelle	1455772		649	20170215160628
575	Cuisses_de_grenouille	1460685		6946	20170215160634
576	Tarte_carélienne	1470307		2452	20170215160645
577	Escabèche	1481545		1260	20170215160748
578	Seau_à_glace	1501907		2683	20170215012211
579	Assidat_zgougou	1502591		2080	20170215160843
580	Jelly	1512530		1300	20170215160859
581	Adolphe_Dugléré	1529038		1287	20170215160918
582	Briam	1532682		376	20170215160936
583	Gibelotte	1557016		1424	20170215161051
584	Perdrix_aux_palourdes	1574023		1516	20170215161131
585	Liste_des_poissons_des_lacs_et_rivières_utilisés_en_cuisine	1578849		1810	20170215161136
586	Liste_des_coquillages_utilisés_en_cuisine	1580231		653	20170116130640
587	Liste_des_crustacés_utilisés_en_cuisine	1580266		654	20170116130640
588	Simonetta_Greggio	1593221		4483	20170210213508
589	We_Feed_the_World	1594426		7600	20170212195623
590	On_n'est_pas_sorti_de_l'auberge	1594578		3154	20170212195624
591	L'École_des_chefs	1596282		842	20170215161224
592	Iittala	1606504		7048	20170128200500
593	Partie_de_campagne_(film)	1607120		9110	20170213204425
594	Farine_de_pois_chiche	1624397		1427	20170215161347
595	Harengs_marinés	1626302		633	20170215161355
596	Alfredo_Russo	1626362		950	20170215161355
597	Caius_Matius	1638506		6781	20170212195835
598	Yes_(gâteau)	1641722		1537	20170215161421
599	Cooking_Mama_(Wii)	1642614		6843	20170212195851
600	Tarte_au_maton	1649977		1230	20170215161455
601	Philippe_Laloux	1653035		1043	20170215161459
602	François_Couplan	1655774		12595	20170214055349
603	Soufflé	1658636		4596	20170215161507
604	Ramequin_(plat)	1658814		637	20170215161507
605	Bitartrate_de_potassium	1666766		11870	20170212200010
606	Pique-nique	1678384		4742	20170215161606
607	Semoule_de_manioc	1693073		887	20170215161653
608	The_Seafarers	1695406		1724	20170212200218
609	Croustillon	1698310		3009	20170215161704
610	Arancini	1701857		3047	20170212200254
611	Sauce_hollandaise	1716834		1134	20170215161736
612	Tarte	1722715		4989	20170215161745
613	Tourte_(plat)	1722873		4480	20170215161745
614	Julienne_(cuisine)	1768875		787	20170215161833
615	Restauration_scolaire	1784073		8846	20170127022127
616	Entrecôte	1784919		2111	20170215161909
617	La_Grande_Cuisine	1786181		1727	20170212200449
618	Pastizz	1786604		1341	20170215161917
619	Caponata	1793473		968	20170215161947
620	Weber-Stephen_Products_Co.	1797531		4352	20170212200517
621	Ventrèche	1812629		1616	20170215162100
622	Tabil	1817014		1338	20170215162127
623	Charmoula	1817031		3269	20170215162127
624	Régine_Teyssot	1821964		5974	20170215012454
625	Pain_suédois	1827185		1106	20170215162203
626	Salpicon	1845084		690	20170215162218
627	Larousse_gastronomique	1848744		4008	20170215162225
628	Cuisine_luxembourgeoise	1850031		2464	20170215162228
629	Cuisine_malgache	1850083		61752	20170212200632
630	Cuisine_virginienne	1850179		1022	20170215162228
631	Nachos	1861869		4244	20170215162305
632	Manique_(cuisine)	1861996		560	20170215162309
633	Xingar	1869259		1641	20170215162347
634	Repas_basques	1871236		1900	20170215162353
635	Ratatouille_(film)	1871826		59830	20170212200756
636	Feed_(film,_2005)	1872410		3541	20170212200758
637	Giambattista_della_Porta	1878285		54118	20170214061134
638	Akutaq	1886732		536	20170215162520
639	Tcholent	1887372		865	20170215162520
640	Chou_rouge	1888428		4852	20170215162524
641	Frescati	1891355		1135	20170215162533
642	Compote	1925930		4821	20170215162651
643	Clarence_Birdseye	1926266		3452	20170212201009
644	Cuisinière_à_gaz	1926828		11949	20170215162652
645	Beuchelle	1929719		530	20170215162706
646	Nougat_de_Tours	1929936		2548	20170215162706
647	Guide_Hubert	1937136		1494	20170215162727
648	Elixia	1940449		1866	20170215162728
649	La_Graine_et_le_Mulet	1943511		7699	20170212201041
650	Le_Goût_de_la_vie	1954088		6921	20170215162744
651	The_Whoopee_Party	1960676		2737	20170215012545
652	Chou_à_la_crème	1965290		1025	20170215162831
653	Du_côté_de_chez_Poje	1974730		2595	20170215162858
654	Olivier_Bajard	1980339		1605	20170215162907
655	Bormioli_Rocco	1980782		4421	20170215162910
656	Cuisine_américaine_(film,_1998)	1983506		2327	20170212201337
657	Le_Cuisinier,_le_voleur,_sa_femme_et_son_amant	1992875		5845	20170215162912
658	Salé,_Sucré	1993040		3122	20170215162912
659	Vatel_(film)	1993232		6439	20170215012558
660	À_table	1993598		2657	20170215162912
661	Steak_frites	2002097		855	20170215162923
662	Maaqouda	2002506		1044	20170215162923
663	Ensaïmada	2009839		1820	20170215162940
664	Auteur_gastronomique	2010989		1892	20170215162941
665	Loroco	2011443		1564	20170215162941
666	Escalope_à_la_milanaise	2019147		1284	20170215162958
667	Colle-aux-dents	2020359		700	20170215162958
668	Bonbon_cravate	2020383		879	20170215162958
669	Bonbon_la_rouroute	2020394		951	20170215162958
670	Bonbon_miel	2020406		917	20170215162958
671	Calzone	2026535		1249	20170215163009
672	Michetta	2026725		2966	20170215163009
673	Salzburger_Nockerln	2028201		399	20170215163009
674	Le_Souper_(film,_1992)	2034941		6527	20170212201513
675	Pierre_Cubat	2043306		5786	20170215163055
676	Gastro_Norm	2103471		3835	20170215163147
677	Alcoolat	2139742		284	20170116133212
678	Côté_labo,_Côté_cuisine	2151778		894	20170215163229
679	Lomo_saltado	2161466		1102	20170215163231
680	Ablo	2188770		1911	20170215163233
681	Patrick_Henriroux	2190607		2724	20170215163233
682	Kari_Gosse	2219340		2312	20170212201701
683	Peau_d'âne_(film,_1970)	2303745		154898	20170212201747
684	Les_Crannibales	2306729		4106	20170215163435
685	Corned-beef	2308327		43553	20170212201747
686	Philippe_Édouard_Cauderlier	2340782		4676	20170215163503
687	Jehane_Benoît	2352399		6271	20170212201802
688	Ailes_de_poulet_à_la_mode_de_Buffalo	2355774		1062	20170215163534
689	Cassoeula	2371671		738	20170215163545
690	Flamboir	2408408		1046	20170215163601
691	La_Faim_(film,_1973)	2442097		3695	20170116133513
692	Puxisardinophilie	2442138		525	20170116133513
693	Œuf_d'escargot	2452918		4212	20170116133527
694	Patrice_Dard	2455419		9274	20170210213909
695	Palet_breton_(pâtisserie)	2457868		828	20170215163738
696	Charbon_du_maïs	2460902		4897	20170215163745
697	Yves_Camdeborde	2462922		5295	20170215163755
698	Rømmegrøt	2469259		577	20170215163805
699	Villeroy_&_Boch	2481028		7846	20170203135505
700	Mixeur_(appareil_ménager)	2481632		857	20170215163841
701	Pain_tressé_et_natté	2482341		380	20170215163841
702	Cooking_Mama	2493545		6864	20170212202051
703	Œuf_de_cent_ans	2496941		2818	20170215163917
704	Tamalito	2534219		415	20170215163951
705	Cuisinière_(appareil)	2564499		4480	20170215163955
706	Armoire_à_chocolat	2574051		685	20170215163957
707	Poulet_frit	2661709		1116	20170215164051
708	Kourabies	2668171		644	20170215164100
709	Jean-Marie_Cuny	2673041		8957	20170212202248
710	Broche_à_tremper	2673347		703	20170215164112
711	Diplomate_(pâtisserie)	2679157		1320	20170215164125
712	Potembouille	2679607		774	20170215164125
713	Martín_Berasategui	2682580		3044	20170215164131
714	Heston_Blumenthal	2682599		1392	20170215164131
715	Génoise_(cuisine)	2687300		2221	20170215164141
716	Glaçage	2691278		818	20170215164143
717	Cassonade_(sucre_de_canne)	2694910		1685	20170215164146
718	Pickles	2697687		1035	20170215164148
719	Amlou	2698589		997	20170215164148
720	Gharbouz	2700673		289	20170215164150
721	Yannick_Beaubatie	2725042		6290	20170215164242
722	Atmosphère_protectrice	2729755		18039	20170128182607
723	Isabella_Beeton	2730265		4098	20170213064211
724	Ravitoto	2730569		1011	20170215164300
725	Jacques-Louis_Delpal	2732425		11799	20170211200536
726	Gâteau_Saint-Epvre	2756863		1640	20170215164405
727	Régulateur_alimentaire_de_pH	2762981		1816	20170215164420
728	Ragoût_de_pattes	2764318		507	20170215164424
729	Rôti_de_porc	2764331		2074	20170215164424
730	Hominy	2766613		3630	20170215164428
731	Chorba	2771829		6039	20170215164447
732	Platsek	2777266		535	20170215164502
733	Oreille_de_crisse	2781582		2803	20170215164514
734	Menu_(restauration)	2781654		11545	20170215164514
735	Pâté_de_canard_d'Amiens	2796247		2846	20170213031312
736	Coquelicot_de_Nemours	2798951		549	20170213031321
737	Œuf_mollet	2801017		1241	20170213031326
738	Pyrex_(marque)	2801582		8269	20170215012845
739	Saumon_fumé	2803317		3593	20170213031326
740	Donald_cuistot	2806477		3164	20170212203011
741	Ragoût	2816185		6046	20170116134659
742	Klaus_Erfort	2822427		651	20170213031427
743	Cooking_Mama_2_:_Tous_à_table	2824210		5922	20170213031428
744	Gressin	2830873		1774	20170213031450
745	Soudjouk	2843244		1913	20170214182626
746	Mulard	2846529		10341	20170212203135
747	Bucatini	2860362		1311	20170213031638
748	Orecchiette	2860389		920	20170213031638
749	Olivier_Bellin	2860803		4428	20170213031638
750	Menon	2869381		1843	20170213031711
751	Roulade_(cuisine)	2869486		423	20170213031711
752	Grande_cuisine	2871452		3463	20170213132551
753	Panino	2874590		1596	20170213031717
754	La_Soupe_aux_Schtroumpfs	2876832		4594	20170215012932
755	Zampone	2900034		410	20170213031846
756	Bonbon_coco_(au_coco_râpé)	2900224		1176	20170213031846
757	Poultrygeist:_Night_of_the_Chicken_Dead	2903907		10801	20170215012938
758	Sucre_muscovado	2910859		763	20170213031913
759	Fourchette_et_sac_à_dos	2916651		4988	20170213031931
760	Succotash	2917753		1418	20170213031933
761	Green_bean_casserole	2919315		2003	20170213031936
762	Cuisine_albanaise	2926037		4602	20170213031948
763	Xiaolongbao	2926333		1589	20170213031948
764	Lancelot_de_Casteau	2940888		15900	20170212203721
765	Cuisine_à_l'azote	2942701		953	20170213032042
766	Cébette	2953897		1150	20170213032110
767	Crème_mousseline	2960267		465	20170213032134
768	Crème_d'amandes	2960316		657	20170213032134
769	Carnaval_des_gâteaux	2962840		4453	20170212203833
770	Glace_à_l'eau	2966432		1617	20170215013005
771	Cuisine_australienne	2968054		13726	20170213032148
772	Muffin	2979010		1592	20170213032239
773	Whopper	2979127		1624	20170213032239
774	An-mitsu	2981087		279	20170213032255
775	Dorayaki	2981089		2350	20170213032255
776	Fāfaru	2985431		1647	20170213032301
777	Cristel	2986565		7290	20170128200844
778	Pua’a_choux	2988264		539	20170213032306
779	Beurre_clarifié	2988470		3071	20170116135438
780	Amaretti	2992726		989	20170213032332
781	Assiette_anglaise	2993354		1948	20170213032345
782	Firifiri	2996448		562	20170213032350
783	The_Hot_Chocolate_Soldiers	3006230		4535	20170212204015
784	Pâte_sablée	3026622		1243	20170213032506
785	Frittata	3030596		2136	20170213032522
786	Cuisine_islandaise	3037542		1071	20170213032554
787	Christophine_farcie	3040549		737	20170213032556
788	Miti_hue	3048293		1531	20170213032602
789	Fafa_(plante)	3048300		805	20170213032602
790	Taioro	3048763		1511	20170213032603
791	Aliment-réconfort	3051112		1085	20170213032614
792	Gâteau_patate	3071283		631	20170213032703
793	Sucre_gélifiant	3071380		303	20170213032703
794	Cassata	3101122		2125	20170213032742
795	Bjawia	3109871		594	20170213032752
796	Samsa	3110233		3068	20170215013100
797	Cuisine_galloise	3111125		2570	20170213032756
798	Mesfouf	3111177		2872	20170213032756
799	Sorra	3111205		648	20170213032756
800	Dawama	3111301		640	20170213032756
801	Kâak_warka	3111319		943	20170213032756
802	Mlabes	3115918		1875	20170213032808
803	Laklouka	3115950		757	20170213032808
804	Simone_Morand	3119498		3669	20170210092258
805	Popote_(homonymie)	3126069		934	20170205235324
806	Seffa	3132932		1793	20170213032859
807	Feqqas	3132947		974	20170213032859
808	Madeleine_Paulmier	3146787		1690	20170126194451
809	Four_à_vapeur	3147275		3899	20170213032922
810	Les_Gestes_du_repas	3150646		1054	20170116135951
811	Gulas	3152971		1610	20170213032933
812	Riz_couché	3156928		2073	20170213032940
813	Chawarma	3159929		1509	20170213032946
814	Zan	3167815		6247	20170213032957
815	Frybread	3174266		2165	20170213033031
816	Jules_Gouffé	3175995		7302	20170212204753
817	Huile_de_carthame	3177745		6741	20170213033044
818	Coleslaw	3177900		1200	20170213033044
819	Saucisse_d'herbe	3180067		2071	20170213033057
820	Bonbon_coco_(au_lait_de_coco)	3184742		1554	20170213033112
821	Croustade	3186726		4377	20170212204822
822	Salière_(ustensile_de_cuisine)	3189586		740	20170213033119
823	Kilien_Stengel	3191354		27941	20170210214337
824	Philippine_Welser	3199251		11116	20170212204915
825	The_Joy_of_Cooking	3208133		1017	20170213033226
826	Kinder_Bueno	3214759		4641	20170215013219
827	Beurre_pommade	3219864		448	20170116140340
828	Malossol	3225711		1496	20170213033359
829	Double_concentré_de_tomates	3237148		3282	20170212205221
830	Christiane_Guarc'h	3250458		1768	20170212205236
831	Auricchio_fort	3265620		1573	20170215013243
832	Sellou	3278369		1905	20170213033511
833	Cristoforo_da_Messisbugo	3285232		3322	20170214151558
834	Léo_Moulin	3302045		4910	20170214100240
835	Zlabia	3308362		2967	20170213033629
836	Au_cabaret	3308768		1848	20170212205452
837	La_Bonne_Absinthe	3308771		1918	20170212205452
838	Chapellerie_et_charcuterie_mécaniques	3309838		1475	20170212205457
839	Almuerzo	3310458		1655	20170213033636
840	Vinaigrette_(sauce)	3310982		1584	20170213033636
841	Uitsmijter	3322419		840	20170213033654
842	Édouard_de_Pomiane	3338594		4093	20170205121103
843	Mapie_de_Toulouse-Lautrec	3338669		2502	20170211200537
844	Sugelli	3338686		466	20170213033720
845	Sevillana_(cuisine)	3340416		805	20170213033724
846	Fondant_au_caramel	3340687		252	20170213033726
847	Acrylamide	3341703		28629	20170213033726
848	Johann_Heinrich_Grüneberg	3343637		1110	20170213033732
849	Liste_de_mets_à_base_de_viande	3347540		840	20170213033738
850	Pèle-pomme	3352281		2996	20170213033741
851	Tarte_au_sucre	3356828		1753	20170213033755
852	Boulette_de_viande	3356993		3499	20170213033755
853	NF_X_15-140	3357824		5322	20170116140707
854	Soupe_angevine	3360042		1165	20170213033800
855	Escavèche	3365657		907	20170116140723
856	Cigarettes_and_Coffee	3373875		1307	20170213033834
857	La_Charité_du_prestidigitateur	3380482		2807	20170212205824
858	Déshydratation_(chimie)	3386787		4645	20170127032026
859	Carlos_Alberto_Dumas	3389289		882	20170213033912
860	Pikliz	3394251		460	20170213033943
861	Cacciucco	3398034		1036	20170215034824
862	Shortcake	3398395		283	20170213033956
863	Baddaz	3398711		1167	20170215013356
864	Bonne_cuisine	3399235		738	20170213033957
865	Fusilli	3402980		649	20170213034016
866	Mince_and_tatties	3403185		804	20170213034016
867	Strudel	3404420		4165	20170215085139
868	Alan_Coxon	3405702		792	20170213034024
869	Kefta	3407006		2687	20170213034029
870	Viande_hachée	3407012		1088	20170213034029
871	Restaurant	3408146		28190	20170212210053
872	Bourriol	3412136		2397	20170213034043
873	Cornet_de_Murat	3412359		2050	20170215013402
874	Carré_de_Salers	3412422		431	20170213034043
875	Cuisine_tex-mex	3412654		1265	20170213034047
876	Réfrigération_(conservation)	3417015		1560	20170215013406
877	Cuccìa	3418465		2438	20170213034052
878	Bonet_(gâteau)	3419884		3429	20170213034102
879	Waitress	3420075		2787	20170214070858
880	Julie_et_Julia	3430388		15804	20170215013412
881	Popelini	3433201		2296	20170213034135
882	Canette_(alimentaire)	3434369		21007	20170215013416
883	Cuisine_serbe	3439424		4735	20170213034146
884	Crudités	3439920		1384	20170213034149
885	Carbonade	3440262		2886	20170212210348
886	Kitchen_Stories	3444321		3537	20170215013421
887	Bkaïla	3450415		1167	20170213034213
888	Cuisine_traditionnelle	3451780		5329	20170127032357
889	Traité_culinaire_mésopotamien	3461214		4019	20170128190228
890	Stockage_des_céréales	3461817		117806	20170212210442
891	Huile_d'avocat	3466198		7334	20170213034245
892	Huile_de_soja	3476614		2799	20170213034316
893	Risotto_à_la_milanaise	3481903		4489	20170213034329
894	Cuisine_du_Sud_des_États-Unis	3486392		1753	20170213034331
895	Bon_appétit_bien_sûr	3490943		3013	20170213034340
896	Cuisinez_comme_un_grand_chef	3490951		493	20170213034340
897	Oui_chef_!	3490969		521	20170213034340
898	Liste_des_vins_primeurs	3491680		3428	20170116141127
899	Gourmand_World_Cookbook_Awards	3493734		5088	20170214100749
900	De_re_coquinaria	3510799		7903	20170212210644
901	Carac	3513664		2028	20170213034434
902	Bartolomeo_Scappi	3519904		3272	20170212210703
903	Le_Répertoire_de_la_cuisine	3541268		1951	20170212210858
904	Liste_de_sauces	3542030		10523	20170213034606
905	Cuisine_européenne	3544875		2336	20170213034613
906	Lapin_à_la_française	3546620		2468	20170215013529
907	Fondue	3547516		2972	20170214103547
908	Sophie_Dudemaine	3549669		3793	20170215013531
909	Sandwich_BLT	3550667		1602	20170213034628
910	Liber_de_coquina	3552676		2654	20170116141436
911	Calçot	3567217		1750	20170213034710
912	Xató	3567478		2469	20170213034710
913	Rôtissage	3571819		2710	20170213034743
914	Pic_à_glace	3576460		1217	20170213034751
915	Shishkabugs	3581806		786	20170212211120
916	Quiche	3598339		3044	20170213034947
917	Toffee	3602591		914	20170213035008
918	Indice_PRAL	3643037		1917	20170213035222
919	Le_Grand_Chef_(film,_2007)	3648574		2276	20170213035236
920	Salade_de_pommes_de_terre	3650918		3029	20170213035238
921	Huile_piquante	3655712		595	20170215013625
922	Tomate_aux_crevettes	3657692		878	20170213035241
923	Hâte_levée	3657736		692	20170213035241
924	Tiki_(bonbon)	3661277		1456	20170213035246
925	Histoire_de_la_cuisine_française	3663673		20129	20170212211645
926	Sacré_Pétrin	3670626		7878	20170215013630
927	Madame_a_des_envies	3675673		3710	20170212211717
928	Brocoli_chinois	3683806		2360	20170215013640
929	Bonnotte_de_Noirmoutier	3686228		7226	20170213035313
930	Soul_Kitchen	3689779		11236	20170212211747
931	Alloco	3693014		3082	20170213035319
932	Enregistreur_de_données	3702629		9926	20170212211820
933	Snack	3706471		1066	20170213035337
934	Trempette	3706492		1117	20170213035337
935	Anti-monte-lait	3711130		3283	20170213035343
936	Croquettes_aux_crevettes	3735039		914	20170213035351
937	Liaison_(cuisine)	3751282		3999	20170212212031
938	Réduction_(cuisine)	3755056		840	20170213035413
939	Conservation_des_aliments	3756478		27290	20170214171515
940	Natillas	3769505		670	20170213035435
941	Apothermum	3778906		1751	20170116142423
942	Studium_de_Trets	3779817		10049	20170212212210
943	Pascade	3788242		2010	20170213035459
944	Braisière	3803109		402	20170213035521
945	Girafe_(cuisine)	3804576		599	20170213035523
946	Barreado	3834847		1410	20170213035634
947	Atomisation_(agroalimentaire)	3845154		8322	20170212212649
948	Clédier	3863557		3515	20170213035724
949	Le_Billet_de_banque	3866945		3508	20170212212802
950	Sucrier_(récipient)	3868164		1567	20170213035734
951	Point_de_fumée	3871669		5905	20170212212817
952	Yannick_Delpech	3877445		1948	20170213035749
953	Bernard_Bach	3877498		1846	20170215013824
954	Liaison_(cuisine_industrielle)	3879564		2040	20170116142856
955	Capuliatu	3881169		1280	20170213035756
956	Paille_de_fer	3883592		1261	20170215013826
957	Liste_de_spécialités_de_la_cuisine_algérienne	3897586		4617	20170215013829
958	Cuisinerie	3906415		1208	20170131042609
959	Tempête_de_boulettes_géantes	3918904		8917	20170215013857
960	Passe-plat	3944881		890	20170213040000
961	Indicateur_temps-température	3945077		5085	20170127035225
962	Cuisine_américaine_(ameublement)	3945556		2963	20170116143157
963	Confiture_de_lait	3955606		3702	20170213040020
964	Œufs_cocotte	3982453		1400	20170213040128
965	Adana_kebab	3995824		608	20170215013947
966	Baba_ganousch	3996249		1243	20170214182608
967	Huile_d'olive	3999193		50335	20170213040156
968	Papadum	4001858		1572	20170215013947
969	Idli	4011430		3047	20170215013955
970	Fouet_catalan	4018631		1428	20170213040234
971	Chair_à_saucisse	4021153		1076	20170215131515
972	La_Bodeguita_del_Medio	4028556		6263	20170212213506
973	Cellier_(architecture)	4028589		4294	20170215014001
974	Gata_(pain)	4042740		277	20170214182650
975	Jambon_de_Njeguši	4056831		665	20170213040404
976	Salade_tunisienne	4062261		1014	20170213040412
977	Sohlob	4062299		1867	20170213040412
978	Krampouz	4072449		4943	20170212213736
979	Revol_porcelaine	4073152		18625	20170128201135
980	Sac_isothermique	4083747		2030	20170213040447
981	Ambassadeur_(pâtisserie)	4087076		659	20170213040450
982	Bouillie_d'avoine	4094168		1386	20170212213823
983	Lukinke	4108159		674	20170213040521
984	Crépine_(cuisine)	4159279		1142	20170116145101
985	Odeur_de_verrat	4161727		17884	20170212214138
986	Paul_Prudhomme	4170721		2562	20170213040643
987	James_Beard_Foundation	4170810		974	20170213040643
988	Cuisine_du_Honduras	4170815		1469	20170213040643
989	Longeole	4188230		3531	20170213040703
990	Isotherme_de_sorption/désorption	4189605		3807	20170212214243
991	Nisine	4191151		6967	20170212214318
992	Brigade_(cuisine)	4201105		1769	20170215014144
993	Sous-chef	4201108		520	20170213040713
994	Chef_de_partie	4201119		650	20170213040713
995	Sirop_de_datte	4211837		4080	20170213040725
996	All-Clad	4234277		13940	20170212214508
997	Conserve_de_sardines_à_l'huile	4245354		21023	20170212214608
998	Biryani	4250145		4246	20170213040818
999	Cococha	4250460		531	20170215014232
1000	Nouacers	4265440		1680	20170213040838
1001	Hlalem	4266045		1728	20170213040838
1002	Tourment_d'amour	4275257		1264	20170213040902
1003	Beurre_d'érable	4278082		2018	20170213040904
1004	Saka_saka	4291382		1457	20170213040919
1005	Murtabak	4297888		3885	20170212215026
1006	Canneleur	4308930		380	20170213040932
1007	Boucanage	4314956		7450	20170213040950
1008	Émile_Couillard	4322005		3421	20170116145819
1009	Chili_(mélange_d'épices)	4327796		1265	20170213041022
1010	Salt_potatoes	4329494		2319	20170213041025
1011	Khao_lam	4350955		769	20170213041052
1012	Café_lao	4351537		482	20170213041055
1013	Scandale_de_la_viande_bovine_dans_l'armée_des_États-Unis	4354799		5189	20170212215309
1014	Extrait_de_viande	4355987		35562	20170212215312
1015	OXO_(aliment)	4361852		1491	20170213041112
1016	Graïssier	4369249		5062	20170215014436
1017	Menu_enfant	4371008		582	20170213041135
1018	Agent_liant	4406019		328	20170213041203
1019	Capellini	4411029		1082	20170213041209
1020	Robot-Coupe	4463505		1725	20170212220009
1021	Emmanuelle_Andrieu	4467184		3646	20170210215254
1022	Ménagère_(couverts)	4474210		5929	20170213041326
1023	Cotechino	4485373		1895	20170213041335
1024	Bavette_(pâtes)	4494107		672	20170213041405
1025	Radicchio_di_Chioggia	4513940		3835	20170213041410
1026	Basilico_Genovese	4517485		4940	20170213041410
1027	Sylvie_Jouffa	4517798		3214	20170213041413
1028	Pagnotta_del_Dittaino	4521849		2613	20170213041417
1029	Cipolla_Rossa_di_Tropea_Calabria	4527620		3044	20170213041427
1030	Prosciutto_di_Norcia	4530096		1961	20170213041430
1031	Conservation_de_la_viande	4532467		147749	20170212220312
1032	Cuisine_de_la_pomme_de_terre	4532988		139763	20170215132038
1033	Christian_Têtedoie	4537613		2238	20170213041434
1034	Vada	4539786		1258	20170213041439
1035	Tiffin_(cuisine)	4539843		1558	20170213041439
1036	Kootu	4539862		768	20170213041439
1037	Lard	4541575		5746	20170213041441
1038	Bartolomeo_Sacchi	4541725		6301	20170213101206
1039	Entrecôte_Bercy	4544084		884	20170213041448
1040	Liste_des_huiles_d'olive_italiennes	4549997		16831	20170215014702
1041	Taquería	4550269		717	20170213145227
1042	Antojito	4550424		1102	20170213041500
1043	Canino_(huile_d'olive)	4560194		3358	20170213041518
1044	Terra_di_Bari	4562551		3489	20170213041525
1045	Umbria_(huile_d'olive)	4562559		3186	20170213041525
1046	Riviera_Ligure_(huile)	4568051		4016	20170213041529
1047	Sabina_(huile_d'olive)	4568067		2664	20170213041529
1048	Valle_del_Belice	4570015		3330	20170213041531
1049	Trésors_du_Goût	4572217		3580	20170128201737
1050	Dauna	4579066		2820	20170213041549
1051	Trophée_Paul_Haeberlin	4584528		4769	20170127042328
1052	Pomodorino_del_Piennolo_del_Vesuvio	4585121		3852	20170213041606
1053	Jenny_Åkerström	4587552		2054	20170116151153
1054	Botamochi	4592388		1595	20170213041606
1055	Chwee_kueh	4592594		1022	20170213041606
1056	Pistacchio_Verde_di_Bronte	4595274		3951	20170213041613
1057	Galette_de_sarrasin	4610418		7852	20170213041630
1058	Bouillon_cube	4610735		3931	20170213041631
1059	Biscuit_de_mer	4611556		15405	20170215014749
1060	Coccoi_a_pitzus	4616294		1941	20170213041639
1061	Coupe_du_monde_de_la_pâtisserie	4617001		8108	20170213041641
1062	Gigourit	4623645		2438	20170213041649
1063	Montasio	4634802		2451	20170213041712
1064	Ricciarelli_di_Siena	4649608		3446	20170213041731
1065	Parfait_(dessert)	4649902		608	20170213041731
1066	Mystère_(dessert)	4649903		780	20170213041731
1067	Colonel_(dessert_glacé)	4649921		311	20170213041731
1068	Cuisine_de_restes	4652175		5277	20170213041731
1069	Goubuli	4660380		2091	20170213041753
1070	Dominostein	4704964		1339	20170213041841
1071	Nürnberger_Lebkuchen	4705005		4397	20170213041841
1072	Fouace_nantaise	4721791		2450	20170213041854
1073	Sundae_(plat_coréen)	4733450		2024	20170116152112
1074	Tagliolini	4736502		839	20170213041916
1075	Mélasse_de_caroube	4739190		2865	20170213041918
1076	Pique-œuf	4740295		3759	20170213041920
1077	Morzeddhu	4743238		1074	20170213041924
1078	Denny's	4753550		1323	20170213041940
1079	Cuisine_cubaine	4758313		2932	20170213041943
1080	Université_des_sciences_gastronomiques	4768623		4960	20170215014937
1081	Tartufo_di_Pizzo	4773966		1430	20170213042004
1082	Zuccotto	4775569		1405	20170213042005
1083	Placki	4788372		698	20170214184031
1084	Mains_d'Anvers	4797236		1585	20170213042025
1085	Congri	4799583		879	20170213042038
1086	Myro_(apéritif)	4805777		1321	20170215014955
1087	Speck_dell'_Alto_Adige	4806682		2412	20170213042049
1088	Kanelbulle	4813651		2437	20170213042055
1089	Gujeolpan	4816446		3917	20170214094844
1090	Sinseollo	4816447		1760	20170213042056
1091	Bolo_Rei	4832125		1377	20170213042115
1092	Broa	4832247		857	20170213042115
1093	Caldo_verde	4835952		1707	20170215035135
1094	PSP_Peugeot	4841349		9727	20170128204449
1095	Agria_(pomme_de_terre)	4841631		3768	20170213042202
1096	Cuisine_somalienne	4842114		4910	20170213042202
1097	Victoria_(pomme_de_terre)	4845141		3851	20170213042208
1098	Semifreddo	4851771		2510	20170213042223
1099	Batata_vada	4860593		3102	20170213042233
1100	Charqui	4869765		1513	20170131230153
1101	Rata	4878710		1110	20170116153157
1102	Vincent_La_Chapelle	4899757		5513	20170212222002
1103	Bánh_xèo	4904845		6469	20170213042414
1104	Tangia	4907162		1924	20170213042420
1105	Dariole_(mets)	4914909		648	20170213042433
1106	Osban	4915842		2211	20170213042433
1107	Gnoccata	4931705		2066	20170213042453
1108	Mignonnette_(cuisine)	4947687		698	20170213042537
1109	Yuanxiao	4948218		867	20170213042539
1110	Tangyuan_(nourriture)	4948238		1577	20170213042539
1111	Croquet_(pâtisserie)	4997973		236	20170213042852
1112	Chakhchoukha	5015710		3349	20170215015518
1113	Mysore_pak	5031435		2378	20170213043019
1114	Stockage_des_pommes_de_terre	5034867		9994	20170215015620
1115	Fenzheng_rou	5045201		1135	20170213043053
1116	Guy_Lassausaie	5046970		1197	20170215015635
1117	Boumehres	5049517		426	20170213043054
1118	Pomme_cuite	5057735		4439	20170213043112
1119	Cuisine_à_la_bière	5069782		3832	20170212223521
1120	Boza	5070612		2127	20170214185040
1121	Salchipapas	5074910		5519	20170212223559
1122	Chausson_italien	5082414		405	20170213043204
1123	Gratin_de_chouchou	5098611		2300	20170213043243
1124	Poggenpohl	5100372		773	20170215015720
1125	Bánh_cuốn	5101523		6795	20170213043244
1126	Lahmacun	5103612		1991	20170214183321
1127	M'khabez	5106131		1111	20170213043252
1128	Mssakhan	5107772		496	20170213043300
1129	Chtitha	5107780		912	20170213043300
1130	Cuisine_végétarienne	5112626		6873	20170215015730
1131	La_Chair_de_l'araignée	5112656		1672	20170213043306
1132	François_Massialot	5115246		1611	20170205121103
1133	Pörkölt	5123692		3492	20170214183946
1134	Rougail_morue	5125199		1449	20170213043331
1135	Brunissement_enzymatique	5131360		4756	20170212223953
1136	Déglaçage_(cuisine)	5139929		688	20170213043402
1137	Rouelle_(cuisine)	5139951		458	20170213043402
1138	Galette_(cuisine)	5140033		1598	20170116155527
1139	Palet_(cuisine)	5140117		314	20170213043402
1140	Espuma	5151997		1710	20170212224038
1141	Sandwich_à_la_crème_glacée	5156308		728	20170213043439
1142	Chiftele	5169594		1316	20170214185040
1143	Pannage_(jambon)	5173721		3508	20170213043516
1144	Les_Émotifs_anonymes	5177379		6520	20170212224157
1145	Miroton_de_bœuf	5189168		814	20170213043555
1146	Pot_Mason	5199173		937	20170213043605
1147	Liste_de_cuillères	5213868		14734	20170213102200
1148	Séparateur_à_œuf	5216071		989	20170213043635
1149	Ciseaux_à_sucre	5216388		365	20170213043636
1150	Liste_de_couverts_de_table	5217055		624	20170213043636
1151	Couteau_de_table	5217163		4170	20170213185535
1152	Cuillère_à_soupe_chinoise	5219673		780	20170213043640
1153	Fourchette_à_escargot	5219855		1220	20170213043640
1154	Norcineria	5221600		1386	20170213043643
1155	Coupe-œuf	5221829		787	20170213043644
1156	Œufrier	5221834		746	20170213043644
1157	Lèchefrite	5221858		2249	20170213043644
1158	Crêpière	5221881		518	20170213043644
1159	Couteau_à_poisson	5224366		1134	20170213043649
1160	Vatapá	5229564		734	20170213043704
1161	Cuillère_à_matcha	5230738		990	20170213043704
1162	Amuse-gueule	5234574		1899	20170213043724
1163	Agata_(pomme_de_terre)	5240407		3530	20170213043803
1164	Compotier	5257941		846	20170213043831
1165	Drob	5260594		1553	20170214185048
1166	Cordon_bleu_(cuisine)	5261677		1026	20170213043848
1167	Seriola_quinqueradiata	5267354		1390	20170213043856
1168	Michèle_Barrière	5272472		7291	20170213043905
1169	Galbi	5285523		1195	20170213043920
1170	Piccata	5287456		1135	20170213043928
1171	Claude_Aubert_(ingénieur)	5302108		8500	20170213043951
1172	Les_Cahiers_de_la_gastronomie	5315556		3263	20170127051435
1173	Nouveaux_aliments	5315684		9922	20170215020011
1174	Matthew_Fort	5317223		1140	20170213044003
1175	Spunta	5328915		3627	20170213044011
1176	The_Forme_of_Cury	5329063		1007	20170213044011
1177	Liste_de_fourchettes	5332323		3166	20170128213615
1178	Liste_de_couteaux	5332425		8332	20170212225000
1179	Fourchette_à_fondue	5333087		1084	20170213044043
1180	Thor_Bjørklund	5350090		2286	20170214151606
1181	Liste_de_beurres	5353700		1512	20170116161134
1182	Ribollita	5377618		944	20170215040615
1183	Cuisine_bhoutanaise	5387974		2708	20170212225251
1184	Farfalle	5400189		718	20170213044232
1185	Hop_(film,_2011)	5403948		6045	20170212225341
1186	Charlot_et_les_Saucisses	5420791		3710	20170212225415
1187	You_tiao	5429185		2977	20170116161825
1188	Charlot_mitron	5432933		3848	20170212225455
1189	William_Saurin	5438507		8786	20170212225508
1190	Raynal_et_Roquelaure	5443338		3596	20170215020228
1191	Cake_design	5444039		5664	20170212225531
1192	Steven_Raichlen	5455278		2337	20170212225559
1193	Carnaroli	5467621		2122	20170213044540
1194	Emsa_(article_ménager)	5469569		3275	20170128215106
1195	Pied_de_cochon	5470195		1823	20170213044541
1196	Tsouréki	5483659		2020	20170214183336
1197	Mireille_Guiliano	5483790		2720	20170210220356
1198	Mzoli's	5500049		7642	20170212225930
1199	Salade_composée	5522928		821	20170213044728
1200	Moka_(pâtisserie)	5552176		416	20170213044815
1201	Focaccia	5565694		5792	20170213044839
1202	Les_Deipnosophistes	5605448		8990	20170123223026
1203	Confiserie_(technique)	5608681		1632	20170116163216
1204	Stromboli_(plat)	5625019		973	20170213045017
1205	Kebbeh	5658511		2668	20170213045115
1206	Tom_yam	5678379		670	20170215021736
1207	Tamarakt	5683250		1865	20170214204803
1208	Cuisine_de_campagne	5693732		614	20170213045220
1209	Parmigiana	5695621		1854	20170213045237
1210	Kapsalon	5703366		3110	20170212231117
1211	Les_Éditions_Debeur	5703760		820	20170213045247
1212	Le_Parfait	5775751		4393	20170214165309
1213	Zwiebelkuchen	5795034		738	20170213045521
1214	Anciennes_Glacières_de_Strasbourg	5805658		15615	20170212231618
1215	Œufs_Bénédicte	5807012		2271	20170213045549
1216	Beurre_noir	5812295		2444	20170116165510
1217	Sfincione	5812403		2005	20170213045553
1218	Léa_Passion_:_Cuisine	5814269		2125	20170213045553
1219	Bobolo	5814676		1129	20170214181818
1220	Paccheri	5841371		2110	20170213045650
1221	Carré_(viande)	5844838		607	20170215020913
1222	Seswaa	5852387		3659	20170213045708
1223	Hangikjöt	5867383		2178	20170213045724
1224	Il_cucchiaio_d'argento	5870527		2309	20170213045726
1225	Lazarákia	5871107		1175	20170213045726
1226	Pizza_di_scarola	5871163		2321	20170213045726
1227	Technique_culinaire	5873712		1849	20170213045732
1228	Carte_des_vins	5877125		9465	20170212232259
1229	À_la_soupe	5890919		3313	20170215021009
1230	Fond_(cuisine)	5891251		1102	20170204190234
1231	Nasi_goreng	5893204		9010	20170213045809
1232	Conversation_(pâtisserie)	5893824		308	20170213045809
1233	Filet_de_bœuf	5897740		638	20170213045816
1234	Cuisine_jordanienne	5909958		5042	20170213045827
1235	Les_Cuistots_de_Sa_Majesté	5910899		3338	20170215021020
1236	Cromesqui	5921664		2492	20170213045904
1237	Édouard_Loubet	5923268		9515	20170212232531
1238	Puget_(huile)	5925515		1796	20170213045911
1239	Soupe_de_sésame_noir	5939371		784	20170213045927
1240	Coulis_(cuisine)	5948951		659	20170213045943
1241	Modernist_Cuisine	5955959		16872	20170215021126
1242	Eton_mess	5958156		499	20170213050011
1243	L'Encyclopédie_de_la_cuisine_canadienne	5973956		2267	20170213050107
1244	Café_gourmand	5980966		1115	20170213050119
1245	Le_Repas_fantastique	5982247		2327	20170212232820
1246	Mafaldine	5997684		704	20170213050148
1247	Noix_charentaise	5998774		835	20170213050207
1248	Souris_d'agneau	6018063		2614	20170213050238
1249	Scotch_pie	6023966		956	20170213050300
1250	Lángos	6024965		3061	20170214185059
1251	Vallée_d'Aoste_Jambon_de_Bosses	6025658		1387	20170213050303
1252	Œufs_au_vinaigre	6029602		1222	20170213050303
1253	Œufs_au_thé_noir	6029719		1132	20170213050304
1254	Strata_(gastronomie)	6030045		1247	20170213050304
1255	Timballo	6032734		908	20170213050308
1256	Pâte_de_noisettes	6037856		6575	20170215021343
1257	Kheer	6039293		3090	20170213050316
1258	Talbina	6040952		537	20170213050320
1259	Gremolata	6054839		1635	20170213050346
1260	Le_Livre_de_cuisine_de_Mme_E._Saint-Ange	6059117		1387	20170213050347
1261	Le_Cuisinier_impérial	6080391		1221	20170213050357
1262	Charnier_(conserve)	6090130		416	20170127055514
1263	Liber_cure_cocorum	6104328		595	20170116172237
1264	Chef_Thémis,_cuisinier_sans_frontières	6104538		2041	20170213050444
1265	Fourchette_à_gâteau	6110666		1012	20170213161039
1266	Gâteau_aux_carottes	6110967		1231	20170213050451
1267	Les_Exquis_Glacis	6114387		1949	20170127055646
1268	Comme_un_chef_(film)	6121918		6635	20170212233407
1269	Design_culinaire	6129818		4600	20170212233429
1270	Saucisse_de_choux_d'Arconsat	6135947		1471	20170215021501
1271	Rogan_Josh	6146544		1779	20170213050528
1272	Henri-Paul_Pellaprat	6155337		1857	20170210093458
1273	Le_Cordon_Bleu	6155393		4197	20170215021514
1274	Marthe_Distel	6155433		1400	20170212233551
1275	Gelée_d'herbe	6234597		2181	20170213050719
1276	Bejgli	6239732		1498	20170214184159
1277	Flódni	6239750		953	20170214184159
1278	Tarte_Dobos	6240532		1019	20170214184159
1279	Somlói_galuska	6240548		1603	20170214184159
1280	Szaloncukor	6244442		1059	20170215021619
1281	Túró_Rudi	6244451		942	20170214184159
1282	Paprikás	6244458		3174	20170214184159
1283	Erbazzone	6253617		3801	20170213050738
1284	Torta_Barozzi	6254377		3740	20170213050738
1285	Pasta_di_Gragnano	6284245		6532	20170213050826
1286	Générateur_de_brouillard	6292255		666	20170213050833
1287	Poulet_à_la_Kiev	6299150		1559	20170214183937
1288	Tong_sui	6299579		970	20170213050901
1289	Crostini	6333066		2055	20170213050942
1290	Stiftskeller_St._Peter	6345326		1747	20170214184035
1291	Cuisine_byzantine	6361961		5439	20170212234353
1292	Foodpairing	6364104		6110	20170212234359
1293	Bolo_de_Mel	6365995		2842	20170213051039
1294	Les_Saveurs_du_palais	6367752		8043	20170212234405
1295	Bechkito	6392715		1168	20170213051200
1296	Pasta_alla_Norma	6394397		1268	20170213051201
1297	Chili_de_crabe	6394786		2172	20170213051203
1298	Panelle	6396827		1906	20170213051204
1299	La_scienza_in_cucina_e_l'arte_di_mangiar_bene	6397497		562	20170213051207
1300	Pani_câ_mèusa	6397741		1756	20170213051207
1301	Ustensile_de_cuisine	6399807		5673	20170116175012
1302	La_Revanche_des_pâtissiers	6399841		2091	20170213051208
1303	Stigghiole	6400345		1207	20170213051209
1304	Quarume	6404090		1094	20170213051219
1305	Créponné	6407974		1743	20170213051222
1306	Blandine_Vié	6414842		11237	20170127061106
1307	Bambalouni	6421630		1141	20170213051259
1308	Le_cochon_dingue	6423203		1523	20170215021853
1309	Fregula	6427213		1493	20170213051305
1310	Frittola	6428596		2122	20170213051308
1311	Penne_(pâtes)	6428799		1467	20170213051308
1312	Vastedda	6429625		1151	20170213051308
1313	Koki	6433739		1314	20170215021903
1314	Pizza_sicilienne	6436903		5921	20170213051314
1315	Caobing	6447094		950	20170213051327
1316	Waguan	6458995		1830	20170215021936
1317	Philippe_Cerfeuillet	6470449		7631	20170215021948
1318	Plan_de_travail_(cuisine)	6493128		1760	20170116180146
1319	Dobara	6512159		4390	20170215022025
1320	Cui_Runquan	6515042		1760	20170212235115
1321	Sous-assiette	6523571		2799	20170213051550
1322	MaDonal	6523879		5889	20170215154741
1323	Propanoate_de_calcium	6541810		6861	20170213051624
1324	Crocchè	6557690		2157	20170215022055
1325	Aloo_pie	6572763		1878	20170212235253
1326	Guide_Champérard	6575638		2496	20170213051705
1327	Substitut_de_fromage	6576334		1968	20170128232323
1328	Le_Dîner_(film,_1998)	6617325		2492	20170215022125
1329	Cuchuco	6618281		1244	20170213051730
1330	Lampredotto	6654953		3820	20170212235430
1331	Cuisine_aztèque	6658769		29479	20170212235434
1332	Paprikás_krumpli	6659606		1454	20170214184240
1333	Baiser_(pâtisserie)	6685741		3744	20170213051836
1334	Anthimus	6688366		2722	20170215093502
1335	Marx_Rumpolt	6689390		4258	20170212235527
1336	Liste_de_livres_de_cuisine_écrits_au_Moyen_Âge	6689989		5684	20170212235528
1337	Maître_Chiquart	6690014		1948	20170128232825
1338	Libellus_de_arte_coquinaria	6690265		2226	20170116181849
1339	Du_fait_de_cuisine	6691861		1907	20170131045935
1340	Ein_new_Kochbuch	6692252		1911	20170128232833
1341	Tortelloni	6692904		368	20170213051840
1342	Conchiglie	6692908		275	20170213051840
1343	Mastering_the_Art_of_French_Cooking	6693086		1480	20170213051840
1344	La_Cuisinière_républicaine	6693151		2519	20170213051840
1345	Aloo_chaat	6695012		1824	20170213051840
1346	Banchetti	6695448		1991	20170212235542
1347	Johannes_Bockenheim	6695685		1732	20170212235542
1348	Maître_Eberhard	6695947		1290	20170215022158
1349	Llibre_de_Sent_Soví	6700061		2988	20170127062645
1350	Cuisine_de_rue	6704067		7769	20170215022209
1351	Tatws_Pum_Munud	6705057		1814	20170212235555
1352	Cuisson_à_basse_température	6714287		1685	20170116182018
1353	Boîte_bœuf	6718423		335	20170213051916
1354	Mithécos	6731899		2708	20170214151612
1355	Corbeille_à_pain	6737282		589	20170213051938
1356	Das_Buoch_von_guoter_Spise	6739649		7949	20170212235651
1357	Joseph_Dommers_Vehling	6744031		7815	20170213101209
1358	De_re_cibaria_(1923)	6754351		1926	20170213051955
1359	Mtabga	6764918		2330	20170213052018
1360	Berkoukes	6768769		6721	20170215022253
1361	Mhamsa	6768770		1686	20170215022253
1362	Phở_xào	6797481		460	20170213052051
1363	Bourek_annabi	6807282		1878	20170213052100
1364	Nutraloaf	6820419		1374	20170116182749
1365	Françoise_Fayolle	6850347		3175	20170213052215
1366	Prix_Archestrate	6854525		10257	20170209093428
1367	Éplucheuse_à_pommes_de_terre	6883608		3206	20170213052302
1368	American_Cookery	6896167		10348	20170213000247
1369	Perle_de_coco	6899237		1643	20170213052323
1370	Cuisinart	6929913		2343	20170213052425
1371	Vivendier	6946005		470	20170128235249
1372	Cuisine_syrienne	6955297		3768	20170215022442
1373	Lygomme	6957604		2436	20170213052514
1374	Réfrigérateur_pot_dans_un_pot	6963928		2287	20170213000649
1375	Os_à_moelle	6975573		1541	20170213052546
1376	Vôte_ardennaise	6976558		390	20170213052547
1377	Côté_Cuisine	6979415		1079	20170213052559
1378	La_Mazille	6987136		4761	20170213000730
1379	Les_Épices_de_la_passion	6988863		2236	20170213000733
1380	Poêlon	6992007		459	20170213052615
1381	Grand-père_au_sirop_d'érable	7024414		3614	20170213052651
1382	La_Villa_des_chefs	7032998		7836	20170127064546
1383	Poisson_fumé	7067653		405	20170213052854
1384	Fesendjan	7070367		1129	20170214183417
1385	Bouillon_de_poisson	7078222		859	20170213052903
1386	Satsuma_age	7081951		3926	20170213001332
1387	Histoire_de_la_cuisine_japonaise	7100958		39225	20170213001432
1388	The_Lunchbox	7111876		10877	20170213001500
1389	El_Floridita	7113921		4767	20170213001510
1390	Saucisse_de_Bra	7117680		689	20170213052949
1391	Jan-Öjvind_Swahn	7134042		3616	20170214121956
1392	Jean-Georges_Vongerichten	7141805		6940	20170215022604
1393	Cuisine_Awadhi	7146339		3313	20170213053015
1394	Oil-Down	7150710		567	20170213053017
1395	Murukku	7174339		1115	20170213053045
1396	Éditions_de_l'Épure	7176247		3279	20170127065333
1397	Snickerdoodle	7181597		2387	20170213053051
1398	Brutti_ma_buoni	7186166		1039	20170213053057
1399	Coupe_(cuisine)	7186471		3127	20170213053057
1400	Mtsvadi	7189934		922	20170214182616
1401	Cuisine_de_nuit	7194675		2383	20170215022632
1402	Panetière_provençale	7202760		8915	20170213122907
1403	Gogli	7215936		1727	20170214182935
1404	Knish	7219860		1979	20170127065516
1405	Coque_de_Béziers	7228921		4115	20170215022651
1406	Risoni	7232471		1250	20170213053139
1407	Mitshopo	7249614		5447	20170213053204
1408	Öçpoçmaq	7254665		935	20170213053210
1409	Côtes_levées	7265248		1378	20170127065802
1410	Galette_charentaise	7270116		998	20170213053216
1411	Aalbricken	7287171		454	20170213053246
1412	Fata'ir	7294737		1059	20170213053253
1413	Micóoula	7297789		1235	20170213053256
1414	Jean-Charles_Karmann	7299280		10845	20170213053256
1415	Citronfromage	7315850		1764	20170213053320
1416	Smeurebreud	7316076		777	20170213053320
1417	Cuisine_danoise	7316084		1557	20170213053320
1418	Engouement_pour_le_lard	7318707		6911	20170213053328
1419	Flantse	7343040		1282	20170213053430
1420	Paxamos	7351810		2878	20170213002452
1421	Covi	7363144		1519	20170213053507
1422	Cuisine_des_fleurs	7365753		7286	20170117143341
1423	Moule_à_cake	7366883		399	20170213053513
1424	McArabia	7372366		1075	20170213053519
1425	Sauter_(cuisine)	7378067		769	20170213053526
1426	A_Proper_New_Book_of_Cookery	7383347		6262	20170213053532
1427	Porc_(viande)	7393915		8086	20170215022905
1428	Sofie_Dumont	7406428		1209	20170215022911
1429	Pathia	7422673		731	20170213053618
1430	Pain_de_Modane	7423997		1049	20170213053619
1431	Minerve_(pâtisserie)	7424029		396	20170213053619
1432	Éthoxyquine	7433385		14847	20170213002751
1433	Trida	7459022		946	20170213053725
1434	Ravageurs_des_denrées_stockées	7467383		7895	20170213053738
1435	Chimichanga	7503437		1924	20170116191856
1436	Nicolas_Marguery	7505314		1579	20170210094045
1437	Casimir_Moisson	7508299		2369	20170210094045
1438	Cuisine_burkinabé	7541870		3755	20170213053911
1439	Les_Recettes_du_bonheur	7546607		44254	20170215023138
1440	Petit_salé	7551778		1252	20170213053916
1441	Sauce_palabre	7553006		1987	20170213053929
1442	Onggi	7554567		9335	20170213003151
1443	Les_Carnets_de_Julie	7577361		9482	20170213165910
1444	Alimentation_chez_les_Algonquins	7583819		7010	20170127071351
1445	Soupe_au_fromage	7588656		8404	20170131051109
1446	Bénédict_Beaugé	7599324		2575	20170210094059
1447	Enseingnemenz_qui_enseingnent_a_apareillier_toutes_manieres_de_viandes	7608222		7825	20170213003418
1448	Saumurage	7633849		15397	20170213003554
1449	Aghroum	7668202		2733	20170213054140
1450	Nando's	7674676		4229	20170215023327
1451	Beignet_d'oignon	7693040		920	20170213054155
1452	Hervé_This	7707555		21212	20170213004221
1453	Katayef	7772210		3541	20170213054356
1454	Tasabounte	7775481		1034	20170213054357
1455	Rziza	7775489		1661	20170213054357
1456	Oudnin_el_kadhi	7787032		1366	20170213054423
1457	Tim_Ho_Wan	7799438		1972	20170213004800
1458	Tacacá	7811035		3300	20170215071531
1459	Baccalà_alla_vicentina	7812889		395	20170213054501
1460	Qiegao	7831908		988	20170213005008
1461	Rfiss	7832879		6546	20170213054524
1462	Hniwnet	7842439		528	20170213054530
1463	Serradura	7844816		483	20170213054533
1464	Nam_chim	7845170		5200	20170213054533
1465	Caviar_rouge	7847354		1326	20170213054541
1466	Kaomianjin	7848166		712	20170213005120
1467	Jangdokdae	7852603		2437	20170127073014
1468	Édouard_Nignon	7852637		2560	20170213054549
1469	Litang_(soupe)	7865369		641	20170213054605
1470	Tajine_Souiri	7885505		1073	20170213054643
1471	Tadeffi	7885518		1149	20170213054643
1472	Chef_(film)	7912902		14147	20170215023708
1473	Fourchette_à_salade	7920873		702	20170213054832
1474	Ciarimbolo	7922686		483	20170213054836
1475	Un_ciel_épicé	7986355		3213	20170214183450
1476	Ragda_patties	8013134		2209	20170213010107
1477	Attila_Hildmann	8027977		6231	20170214151616
1478	Viande_de_chauve-souris	8056970		3447	20170213055211
1479	La_Belle-Îloise	8074925		5893	20170215023917
1480	Leberwurst	8102880		1647	20170213055258
1481	Pachade	8172180		2424	20170116200904
1482	Nam_phrik	8202856		10021	20170213055411
1483	Escalope_de_saumon_à_l'oseille	8207959		3153	20170213055419
1484	Leblebi	8227247		1923	20170214183450
1485	Tastira	8231235		1222	20170213055430
1486	La_Course_à_la_saucisse	8236342		3068	20170213011439
1487	À_vif_!_(film,_2015)	8263996		6798	20170215024044
1488	Robert_Villatte_des_Prûgnes	8265272		5750	20170210113406
1489	Chihiro_Masui	8276014		5314	20170210223934
1490	Figue_(pâtisserie)	8323915		537	20170213055554
1491	Rēti’a	8392543		1397	20170213055648
1492	Tāota	8392635		1678	20170213055648
1493	Marie-Hélène_Baylac	8443076		11487	20170213120602
1494	Crème_Princesse	8517571		486	20170116202845
1495	Langue_de_bœuf_(viande)	8550092		434	20170215024456
1496	Cuisine_note_à_note	8641208		2437	20170127081405
1497	Baccalà_alla_lucana	8656969		1100	20170213060051
1498	Rafanata	8657314		778	20170213060051
1499	Connétable_(conserverie)	8681746		3649	20170213060100
1500	Détente_instantanée_contrôlée	8693772		5895	20170213013708
1501	Liste_des_prix_littéraires_gastronomiques_et_culinaires	8733207		2506	20170127081933
1502	William_Kitchiner	8743066		4041	20170213014000
1503	Andreï_Makarevitch	8801511		2160	20170215024803
1504	Cuisine_des_Seychelles	8844946		21360	20170131052416
1505	Henri-Charles_Geffroy	8968566		67163	20170213014731
1506	Cuisine_et_Vins_de_France	8988853		1415	20170213060443
1507	Pizza_cake	8994434		1357	20170213060447
1508	Cuisine_saoudienne	9033694		3858	20170206223143
1509	Hatibuyah	9068724		676	20170213060531
1510	Shaomai	9068849		1053	20170213060532
1511	Dar_El_Jeld	9078564		2171	20170215024936
1512	Marianne_Comolli	9110969		4534	20170215024949
1513	Boulette_de_poisson	9169522		6257	20170213015903
1514	Ambuyat	9174665		791	20170213060739
1515	Cuisine_botswanaise	9177346		4296	20170215025023
1516	Cuisine_angolaise	9178876		2952	20170215025023
1517	Cuisine_burundaise	9179421		2130	20170213060746
1518	Cuisine_libérienne	9181006		3591	20170213060746
1519	Cuisine_nigérienne	9181882		2405	20170213060746
1520	Cuisine_nigériane	9182122		4217	20170215025025
1521	Cuisine_équato-guinéenne	9183319		1282	20170213060757
1522	Cuisine_swazilandaise	9185109		2098	20170213060759
1523	Cuisine_ghanéenne	9191932		3030	20170215025030
1524	Gelato_(alimentation)	9192700		2913	20170213060809
1525	Cuisine_zambienne	9194085		2795	20170213060809
1526	Cuisine_lesothane	9200741		2470	20170213060812
1527	Cuisine_bissau-guinéenne	9203185		2628	20170213060813
1528	Grenier_galicien	9213180		3907	20170213020239
1529	Indication_géographique_protégée_(Suisse)	9216898		2464	20170213060834
1530	Appellation_d'origine_protégée_(Suisse)	9219320		3227	20170213060835
1531	Abadir_de_Imilchil	9222003		654	20170213060836
1532	Medfouna	9222017		543	20170213060836
1533	Labza	9222021		374	20170213060836
1534	Khobz_mzouweq	9222031		683	20170213060836
1535	Mihmih	9222036		538	20170213060836
1536	Qrachel	9222040		713	20170213060836
1537	Merdouma	9222052		598	20170213060836
1538	Aghroum_boutgouri	9222054		688	20170213060836
1539	Errachi	9222061		497	20170213060836
1540	Chiyyar	9222063		577	20170213060836
1541	Bouchiyyar	9222066		447	20170213060836
1542	Tafarnout	9222071		659	20170213060836
1543	Tanourt	9222074		518	20170213060836
1544	Tagoulla	9222083		568	20170215025056
1545	Bouissate	9222090		541	20170213060836
1546	Blighattes	9222092		655	20170213060836
1547	Bejmat	9222095		443	20170213060836
1548	Tahlia	9226390		1374	20170213060838
1549	Tagra	9226424		1293	20170213060838
1550	Qamama	9226494		1221	20170213060838
1551	Concours_de_lancer_de_crêpes_en_hauteur	9232061		2411	20170213060843
1552	Kavourma	9237035		1687	20170214183522
1553	Cuisine_marshallaise	9265895		1914	20170213060929
1554	Cuisine_des_îles_Cook	9266178		1321	20170213060929
1555	Ika_mata	9266292		1157	20170129020014
1556	Cuisine_des_Tuvalu	9268051		1785	20170213060931
1557	Flocage_(pâtisserie)	9268537		322	20170116213853
1558	Cuisine_philippine	9269841		1213	20170213060938
1559	Cuisine_paluane	9270143		1792	20170213060938
1560	Velouté_de_champignons	9308584		1273	20170213061051
1561	Kalua	9314871		791	20170213061102
1562	Calalou	9351882		1067	20170213061214
1563	Cuisine_monténégrine	9409162		2012	20170131225812
1564	Jacques_Gantié	9418992		1036	20170213061301
1565	Huile_de_noyaux	9419011		925	20170213061301
1566	Pachamanca	9420755		329	20170213061303
1567	Viande_de_renne	9444537		1692	20170213061335
1568	Viande_de_chameau	9457157		6325	20170213061347
1569	Pick_Up!	9459329		447	20170213061355
1570	Viande_d'autruche	9515475		2220	20170213061516
1571	Viande_de_yack	9516583		1831	20170213061516
1572	Viande_d'âne	9516756		2063	20170213061516
1573	Fourchette_à_poisson	9550905		1180	20170213061538
1574	Gâteau_au_pandan	9582294		2696	20170213024210
1575	Jian_dui	9586682		7813	20170213024226
1576	Klepon	9586851		2785	20170213024226
1577	Bánh_hỏi	9587366		5447	20170213024226
1578	Yujacha	9590301		2346	20170215025523
1579	Rocoto_relleno	9598098		1408	20170213061620
1580	Chifa	9598135		1170	20170213061620
1581	Cuisine_de_Nauru	9598690		1847	20170214180757
1582	Cuisine_irakienne	9602594		2585	20170213061623
1583	Cuisine_haïtienne	9604610		3634	20170215025529
1584	Rowntree's	9610071		3795	20170213061629
1585	Purée_de_taro	9628533		1616	20170213024511
1586	Pagnon_borain	9637943		234	20170213061702
1587	Les_Délices_de_Tokyo	9641515		6556	20170213024622
1588	Henriette_Davidis	9676030		44210	20170213025026
1589	Serdine_bel_fliou	9677169		565	20170213061759
1590	Kesari_bhath	9697233		3160	20170213061813
1591	Trish_Deseine	9701828		4273	20170213025204
1592	Louis_Rieux	9721689		1269	20170213025258
1593	Lalo_(baobab)	9728278		1998	20170213061842
1594	Domoda	9728582		1119	20170215025810
1595	Soupe_kandia	9728667		1193	20170215025810
1596	Wassa-wassa	9738256		1612	20170213061853
1597	Tarte_à_la_farlouche	9740001		1561	20170213061853
1598	Kenkey	9743793		3077	20170213061856
1599	Kalawang	9744340		876	20170213061856
1600	Shito	9744417		1333	20170213061856
1601	Gari_(Afrique_de_l'Ouest)	9744483		3903	20170215025813
1602	Cuisine_gambienne	9744681		1570	20170215025813
1603	Cuisine_zimbabwéenne	9744715		2141	20170213061856
1604	Cuisine_guinéenne	9744823		2487	20170213061856
1605	Cuisine_du_Mozambique	9744977		2581	20170215025813
1606	Cuisine_du_Cap-Vert	9745126		1837	20170215025813
1607	Cuisine_bulgare	9745144		3617	20170213061857
1608	Cuisine_centrafricaine	9745538		2574	20170213061857
1609	Cuisine_namibienne	9748190		2848	20170215025818
1610	Soungouf	9755128		2969	20170213061905
1611	Eau_de_vie_de_mirabelle	9773356		767	20170213061921
1612	Gâteau_de_riz	9773962		3356	20170213061921
1613	Gelée_culinaire	9786659		8292	20170213025624
1614	Testicules_de_taureau_à_l'ardennaise	9788714		599	20170213061935
1615	Subric	9799507		8888	20170213025710
1616	Beurre_demi-sel	9844690		2973	20170213062044
1617	Entrecôte_frites	9856502		2478	20170213062053
1618	Melon_à_l'espagnole	9860291		3857	20170213062055
1619	Mì_Quảng	9878356		5185	20170213030229
1620	Wade_(Sri_Lanka)	9933702		826	20170116232908
1621	Mohinga	9942562		3333	20170213062253
1622	Émile_Henry_(entreprise)	9946704		8333	20170129035612
1623	Cuisine_omanaise	9948694		2628	20170213062310
1624	Cuisine_du_Yémen	9949176		7087	20170213062310
1625	Cuisine_du_Bangladesh	9949858		6031	20170213062310
1626	Cloche_de_restaurant	9955016		978	20170213062317
1627	Le_Fondateur_(film)	9957565		7560	20170215030103
1628	Sabayon_tunisien	9992563		1457	20170213062402
1629	Khobz_talian	9992725		631	20170213062402
1630	Mattik_mehchi	9992851		1496	20170213062403
1631	Sauce_kerkennienne	9992890		1403	20170213062403
1632	Sauce_Hannibal	9993164		1773	20170213062403
1633	Tajine_El_Bey	9995126		1054	20170213062403
1634	Riz_djerbien	9997979		1909	20170213062409
1635	Soupe_au_poulpe	9998021		1856	20170213062409
1636	Salade_de_poulpe_tunisienne	9998062		1548	20170213062409
1637	Kaki_(pain)	10005391		731	20170213062414
1638	Khobz_mbesses	10005425		775	20170213062414
1639	Melaoui	10005476		1641	20170213062416
1640	Jelat_sfaxien	10005874		1161	20170213062416
1641	Doigts_de_Fatma	10009918		1924	20170213062420
1642	Melanzane_a_barchetta	10049900		1289	20170213062500
1643	Melanzane_a_funghetti	10049905		1243	20170213062500
1644	Polpettone_di_melanzane	10049919		1372	20170213062500
1645	Tadka	10055468		2297	20170213031258
1646	Big_Eden	10064280		5684	20170213031333
1647	Extrait_de_vanille	10070840		1829	20170213062525
1648	Festin_d'auteurs	10088964		5005	20170124122118
1649	Grains_anciens	10091421		8785	20170213031509
1650	Panipuri	10105834		8106	20170214013039
1651	Conpoy	10108018		3356	20170213031645
1652	Domaine_de_Mestré	10129718		11623	20170215030316
1653	Hasselbackspotatis	10152613		1524	20170213031918
1654	Fil_à_couper	10167000		932	20170213062757
1655	Lyre_(ustensile)	10167094		379	20170213062757
1656	Cuisine_noire	10170457		4247	20170214184709
1657	Fondouk_El_Attarine	10189429		1165	20170215030355
1658	Sausage_Party	10191608		21442	20170215030357
1659	Overcooked	10199502		2748	20170215030401
1660	Tostilocos	10233095		573	20170213062911
1661	Fumet_de_poisson	10241091		2338	20170213032504
1662	Dizé_milé	10241259		907	20170213062918
1663	Damper	10252963		679	20170213062927
1664	Debaryomyces_hansenii	10257411		33718	20170213032649
1665	Tajine_de_poulet_aux_olives	10259487		1025	20170213062929
1666	Pav_bhaji	10260764		4351	20170213032654
1667	Chaat_(cuisine)	10265354		5585	20170213032717
1668	Olivier_Chaput	10271543		10456	20170213032758
1669	Dokonon	10271733		4559	20170213062937
1670	Bâtonnet_de_poulet	10298634		857	20170213063032
1671	Chariot_de_nourriture	10298663		603	20170213063032
1672	Salade_de_couac	10306501		1043	20170215132106
1673	Beigne_à_l'ancienne	10358146		1658	20170213063210
1674	Baghala_ghatogh	10358580		619	20170214183144
1675	Toast_sandwich	10382165		649	20170213063231
1676	Mary_Berry	10383816		2186	20170215030542
1677	Goût_mala	10425543		587	20170213063319
1678	Doufu_gan	10425671		524	20170213063319
1679	Doufu_wanzi	10425727		674	20170215030600
1680	Prix_littéraire_Culture-Gastronomie	10431738		2781	20170213033903
1681	Henri_Gautreau	10439366		46313	20170214151622
1682	Martine_Nouet	10450544		4579	20170213034019
1683	Café_blanc	10483911		342	20170213063445
1684	Championnat_de_France_de_barbecue	10509020		7871	20170215030741
1685	Thibaud_Villanova	10517833		4827	20170210225506
1686	Germe_des_céréales	10552044		9314	20170213034531
1687	Séchage_(cuisine)	10563932		1062	20170215054029
1688	Munavoi	10631500		1496	20170213063833
1689	Tacos_français	10636099		2173	20170211234053
