number	title	pageid	namespace	length	touched
1	Football_à_trois_côtés	25165		3620	20170212175144
2	Guerre_de_Cent_Heures	28184		26813	20170215065330
3	Liste_des_catastrophes_survenues_pendant_un_match_de_football	82047		6463	20170215063604
4	Drame_du_Heysel	82130		21420	20170215142826
5	Olive_et_Tom	89575		93986	20170212175923
6	Statistiques_et_records_de_la_Coupe_du_monde_de_football	99989		63481	20170214165159
7	Jorkyball	134277		4514	20170212180516
8	Football_à_7	140745		4313	20170215143808
9	Histoire_du_football_en_France	151597		70732	20170215004945
10	Genèse_du_football_féminin	151598		19050	20170212180633
11	Débuts_du_football	159533		23982	20170212180721
12	Coup_du_chapeau	159598		6912	20170215143918
13	Tactique_(football)	159628		29863	20170212180721
14	Loi_1_du_football	161414		8401	20170116111858
15	Loi_2_du_football	161418		2393	20170126235632
16	Football_et_télévision	161422		69712	20170212180747
17	Subbuteo	161931		31743	20170212180747
18	Stade_de_football	170262		24687	20170116112008
19	Loi_11_du_football	181752		9450	20170212181010
20	Loi_10_du_football	211579		2984	20170128150000
21	Football_dans_le_monde	213863		1332	20170213225256
22	Loi_3_du_football	216901		9976	20170208163722
23	Loi_4_du_football	216911		3843	20170116112545
24	Loi_9_du_football	216917		1959	20170116112545
25	Loi_7_du_football	218889		5993	20170127000847
26	Loi_5_du_football	218901		3927	20170116112557
27	Loi_6_du_football	218902		2770	20170116112557
28	Loi_8_du_football	218909		6283	20170127000847
29	Loi_12_du_football	218932		8041	20170202104051
30	Loi_13_du_football	218952		7254	20170127000847
31	Loi_14_du_football	218969		8070	20170127000847
32	Loi_15_du_football	218978		5422	20170116112557
33	Loi_16_du_football	218984		3710	20170116112557
34	Loi_17_du_football	218997		4011	20170128150143
35	Match_de_football_FCG_Bordeaux_–_AC_Milan_(1996)	270923		10666	20170215144711
36	Match_de_football_Waterschei_–_Paris_Saint-Germain_(1983)	275459		2768	20170116113039
37	Origines_du_football	277116		9427	20170116113046
38	Football_féminin	285444		23470	20170215102258
39	Camp_des_Loges_(football)	287362		5961	20170128151215
40	Finale_de_la_Coupe_d'Angleterre_de_football_de_1888	287576		3224	20170215144806
41	Rollersoccer	317572		16929	20170215145133
42	Simon_Inglis	331121		2034	20170131034127
43	Lob	341493		1541	20170127002946
44	Kicker_Sportmagazin	342222		1311	20170215145320
45	Football_total	395732		5903	20170129151530
46	International_Football_Association_Board	422416		9933	20170213134220
47	G14	451053		11990	20170212184030
48	Capitaine_(football)	488947		6037	20170212184513
49	Milieu_de_terrain	542917		13447	20170210183610
50	Protège-tibia	546813		472	20170215150937
51	Centre_de_formation_(football)	561943		3660	20170127005841
52	Jeu_à_la_nantaise	593972		10850	20170131034601
53	Youdan_Cup	638607		957	20170215151511
54	Match_de_football_AS_Adema_–_SO_de_l'Emyrne	639161		3883	20170212185741
55	World_Soccer	684826		762	20170215151801
56	World_Soccer_Awards	684866		14901	20170212190114
57	Classement_UEFA_des_stades	687561		5927	20170212190126
58	Tennis-ballon	774740		11769	20170215152334
59	Centre_technique_national_Fernand-Sastre	792334		34558	20170215011029
60	Main_de_Dieu_(football)	825281		6924	20170212190905
61	Surnom_des_équipes_nationales_de_football	829803		25684	20170206064302
62	Classement_mondial_féminin_de_la_FIFA	844546		12024	20170215011127
63	Différence_de_buts	857181		9724	20170128164355
64	Effet_Magnus_et_turbulence_dans_le_football	866420		11740	20170212191239
65	On_refait_le_match	883760		6843	20170212191520
66	Tacle	897062		1758	20170212191816
67	Catenaccio	898896		5155	20170212191821
68	Tirs_au_but	906215		27498	20170212191845
69	Récompenses_de_la_Coupe_du_monde_de_football	908789		24792	20170212191853
70	Étoile_(football)	910045		58106	20170212191900
71	When_Saturday_Comes_(journal)	913554		1377	20170215153317
72	Coup_du_sombrero	913660		723	20170215153317
73	Affaire_des_matchs_truqués_du_Calcio	918744		13976	20170212191938
74	Football_de_rue	921663		4325	20170215153340
75	Homme_du_match	922385		2669	20170215153340
76	Carton_rouge	923835		5888	20170128164951
77	Prolongation	924322		6974	20170215153342
78	Carton_jaune	925820		8186	20170212192018
79	Passe_à_dix	961713		1000	20170215153620
80	Galactik_Football	989992		18126	20170215011447
81	Bilan_par_année_du_championnat_d'Algérie_de_football	994969		17278	20170116123408
82	As_(journal)	1003399		2340	20170215153903
83	Symbole_(football)	1004294		3565	20170215153903
84	Flip_flap	1005246		1445	20170127013658
85	Superdeporte	1019839		633	20170215154001
86	Trophée_de_football	1049092		5689	20170116123750
87	Cape_(sport)	1050250		2114	20170215154119
88	Lois_du_jeu	1080293		37038	20170212193058
89	L'École_des_champions	1096483		17931	20170212193213
90	Catégorie_(sports)	1122736		19212	20170215154507
91	Tour_d'honneur	1149278		2951	20170128171238
92	Rec.Sport.Soccer_Statistics_Foundation	1172294		1574	20170212193653
93	Centre_de_formation_de_l'AJ_Auxerre	1243610		11657	20170128172207
94	Le_Match_du_lundi	1254221		1539	20170215155347
95	Archibald_Leitch	1316532		3830	20170214151552
96	Ballon_de_football	1367309		13377	20170212194731
97	Liste_de_derbies_et_de_rivalités_dans_le_football	1368204		105107	20170212194733
98	The_Wild_Rover	1370549		4293	20170127015930
99	Centre_de_formation_aux_métiers_du_football_Roland-Peugeot	1379569		13853	20170127020002
100	International_Federation_of_Football_History_&_Statistics	1380545		38164	20170215012059
101	Soccer_America	1384693		1524	20170215160331
102	Records_du_FC_Nantes	1426006		3477	20170215160507
103	El_Gráfico	1435817		2710	20170215160537
104	Tifo	1466053		8216	20170212195241
105	Groupe_de_la_mort	1466813		23999	20170215012158
106	Gardien_de_but_(football)	1502471		18497	20170212195356
107	Liste_de_joueurs_qui_ont_pratiqué_un_code_de_football_puis_un_autre	1530369		38592	20170212195426
108	Centre_sportif_José-Arribas	1584603		5132	20170212195555
109	RTI_Sport_TV	1606332		1981	20170215161254
110	Épisodes_de_Galactik_Football	1629864		54018	20170116130917
111	Douze_(journal)	1630490		952	20170215161400
112	Panenka	1653260		12224	20170212195935
113	Foot_2_rue	1658991		25019	20170215012323
114	Maillot_de_l'équipe_de_France_de_football	1673931		44263	20170212200031
115	Domaine_de_Luchin	1691620		20067	20170128175837
116	Statistiques_et_records_de_l'AJ_Auxerre	1699037		31057	20170116131336
117	Match_de_football_Arsenal_–_RC_Lens_(1998)	1716225		8363	20170212200339
118	Classement_mondial_de_football_Elo	1716403		12548	20170212200339
119	Liste_des_champions_du_monde_de_football	1783227		37107	20170212200443
120	Kung-foot	1786200		11996	20170215161733
121	L'Amour_foot	1789842		2344	20170131040814
122	Bâton_de_Nasazzi	1809174		42630	20170212200531
123	Statistiques_et_records_du_Stade_rennais_football_club	1888081		74680	20170214165248
124	Institut_national_du_football_de_Vichy	1917064		21758	20170215012519
125	La_Gaillette	1918278		18254	20170212200947
126	Centre_de_formation_du_Stade_rennais_football_club	1926408		107367	20170212201009
127	Records_de_l'AS_Monaco	1934827		18997	20170116132517
128	Kop	2011786		1733	20170215162947
129	Records_d'Arsenal_Football_Club	2023788		17368	20170212201453
130	Affaire_Kébé	2368825		8326	20170116133427
131	Football	2480198		224478	20170213211521
132	Libéro_(football)	2689255		5036	20170116134036
133	Académie_Mimosifcom	2719182		2055	20170215164224
134	Football_et_politique	2754078		15474	20170212202807
135	Match_de_football_pour_philosophes	2761487		6267	20170212202818
136	Centre_Tola-Vologe	2767958		2253	20170215164430
137	Liste_des_médaillés_olympiques_en_football	2808543		51754	20170214070858
138	Doublé	2927175		20190	20170127025629
139	Culture_du_football	2936355		18865	20170212203647
140	Historique_du_parcours_africain_du_Canon_Yaoundé	2944769		1627	20170214181810
141	Économie_du_football	2947630		22637	20170215012958
142	Match_de_football_Australie_–_Samoa_américaines	3034345		13731	20170213165859
143	Dribble	3052086		3240	20170128184309
144	Arbitre_(football)	3058957		24417	20170212204222
145	Bicyclette_(football)	3067119		4067	20170128184412
146	Association_européenne_des_clubs	3101615		22891	20170215034959
147	Statistiques_et_records_de_l'Olympique_de_Marseille	3136219		52039	20170212204544
148	Records_du_Valenciennes_FC	3172232		2940	20170116140105
149	Québec_Soccer	3178453		15114	20170128184941
150	Règle_des_buts_marqués_à_l'extérieur	3209693		19890	20170212205020
151	Équipe_réserve_et_centre_de_formation_du_Liverpool_Football_Club	3287394		7672	20170212205415
152	Statistiques_et_records_du_Liverpool_FC	3307035		16227	20170212205446
153	Complexe_sportif_Raja-Oasis	3359520		1644	20170213033758
154	Football_participatif	3404072		8871	20170213034022
155	Centre_de_formation_et_équipe_réserve_des_Girondins_de_Bordeaux	3450525		9660	20170210214511
156	Toque_(football)	3473488		1862	20170128190254
157	Équipe_réserve_et_centre_de_formation_du_FC_Nantes	3485903		32281	20170215013447
158	Michel_Pautot	3510497		6282	20170203211712
159	Statistiques_et_records_de_l'AS_Nancy-Lorraine	3522835		9849	20170123215050
160	But_de_Wembley	3542405		11642	20170215013523
161	Baby-foot	3552406		39214	20170212210950
162	90minut.pl	3585283		2706	20170214183823
163	Reprise_de_volée	3602707		1603	20170215013608
164	La_Masia	3670346		6485	20170212211702
165	Championnat_de_Belgique_de_football_féminin_(records)	3850770		4484	20170116142731
166	Championnat_des_Îles_Anglo-Normandes_de_football	3862357		13142	20170212212752
167	Records_du_Stade_lavallois	3873973		11995	20170127034844
168	Records_du_Benfica_Lisbonne	3960020		13423	20170215013922
169	Liste_de_stades_turcs_de_football	3986914		16057	20170214182728
170	Affaire_Allemandi	3994173		3505	20170215013942
171	European_Professional_Football_Leagues	4089414		7404	20170215035000
172	Trafford_Training_Centre	4105655		2981	20170116144841
173	Émeutes_du_match_de_football_Dinamo_Zagreb-Étoile_rouge_de_Belgrade	4141077		6031	20170212214037
174	Sélectionneur_de_football	4145151		28101	20170214061646
175	Équipe_réserve	4248538		3773	20170213040817
176	Fédération_internationale_de_football_association	4253863		36194	20170215035000
177	Prix_Puskás_de_la_FIFA	4337956		8101	20170127041133
178	On_refait_le_match_(Christophe_Pacaud)	4353224		3541	20170116145959
179	Finale_de_la_Coupe_d'Angleterre_de_football_de_1923	4360603		43421	20170212215322
180	Statistiques_et_records_de_l'Everton_FC	4395575		36808	20170212215441
181	Statistiques_et_records_de_la_Jeunesse_sportive_de_Kabylie	4432724		27874	20170128200416
182	Media_Sports_Investments	4437651		3309	20170212215927
183	Statistiques_et_records_de_la_Juventus_Football_Club	4482428		33599	20170212220123
184	Club_africain_du_XXe_siècle	4485977		4786	20170212220135
185	Statistiques_et_records_de_l'équipe_de_France_de_football	4589091		29822	20170214165307
186	Statistiques_et_records_de_l'équipe_d'Angleterre_de_football	4643782		25319	20170212220702
187	Centre_de_formation_du_Paris_Saint-Germain	4645650		69477	20170212220703
188	Bidone	4649838		5504	20170127042758
189	Meilleur_footballeur_de_l'année_du_championnat_d'Autriche_de_football	4682871		5447	20170214183419
190	Meilleur_footballeur_azerbaïdjanais_de_l'année	4682912		5298	20170214182821
191	Meilleur_footballeur_biélorusse_de_l'année	4683672		3931	20170116151759
192	Meilleur_footballeur_bulgare_de_l'année	4683745		10078	20170213041820
193	Meilleur_footballeur_de_l'année_du_championnat_croate	4683762		7185	20170213041820
194	Tactique	4686392		1035	20170116151813
195	Totonero_1980	4687246		3307	20170128203105
196	Codes_du_Football	4732490		866	20170123230737
197	Remplaçant_(football)	4743173		8822	20170213041924
198	Histoire_du_football_en_Afrique	4772193		39799	20170212221224
199	Makarapa	4777466		482	20170213042007
200	Paul_le_poulpe	4816950		37507	20170215015011
201	Tacle_glissé	4847006		3008	20170212221646
202	Défenseur_(football)	4878395		14437	20170215015045
203	Entraîneur_(football)	4901552		4168	20170212222053
204	Académie_Robert_Louis-Dreyfus	4910142		8318	20170116153504
205	The_Cliff	4917525		6241	20170212222201
206	Lexique_du_football	4923646		95352	20170214165308
207	Studio_Foot	4927560		4480	20170212222247
208	Ballon_d'or_tunisien	4934811		2244	20170215015131
209	Match_de_football_AC_Milan_–_LOSC_Lille_Métropole_(2006)	4955214		25506	20170212222544
210	Académie_Mohammed_VI_de_football	5050778		9056	20170212223403
211	But_(football)	5072603		2184	20170213043148
212	Sportsnet_World	5082276		4342	20170215015714
213	Attaquant_(football)	5087571		9831	20170213132049
214	Histoire_du_football	5092779		90357	20170215015719
215	Plaque_UEFA	5140239		3482	20170212224022
216	Vestiaires_(magazine)	5241229		2203	20170116160232
217	Joueur_du_Luxembourg_de_l'année	5375473		6249	20170213044207
218	Championnat_du_monde_de_football_non_officiel	5383743		202753	20170214165933
219	Médaille_Joe_Marston	5446630		5738	20170116161959
220	Maison_du_Football	5481527		1968	20170116162222
221	Match_aller-retour	5499680		6209	20170128215429
222	Arrêt_Bosman	5589147		10559	20170212230442
223	Rivalités_dans_le_football	5604275		15694	20170215020454
224	Scudetto	5777879		3444	20170116165208
225	Les_Footballeurs	5796194		14171	20170212231545
226	Football_suédois	5802051		6710	20170212231614
227	Le_Parc_des_Princes_(Staël)	5815974		7666	20170212231634
228	Victoire_à_trois_points	5817719		3439	20170212231643
229	Fima_Sporting	5850425		2254	20170213045708
230	Football_freestyle	5939017		1911	20170213045927
231	Liste_des_récompenses_de_la_Coupe_des_confédérations	5951014		8024	20170208190319
232	Académie_de_l'Impact_de_Montréal	5952840		8179	20170127054803
233	IMG_Soccer_Academy	5977843		1985	20170116171034
234	Trophée_Hermann	5989033		10982	20170212065307
235	Émeute_du_stade_de_Port-Saïd	6041400		9856	20170214153942
236	La_Domenica_Sportiva	6085396		3128	20170213050405
237	Match_de_la_mort	6215857		3912	20170212233754
238	Finale_de_la_Coupe_d'Angleterre_de_football_de_1956	6247875		12761	20170212233853
239	Centre_de_formation_du_Sporting_Portugal	6275588		14985	20170213050822
240	Centre_de_formation_du_Racing_Club_de_Strasbourg	6290774		29055	20170212234131
241	Revie_Plan	6290958		2457	20170212234131
242	Bataille_de_Nuremberg_(football)	6367927		138	20160628220846
243	United_(téléfilm)	6440135		2682	20170212234759
244	Abide_with_Me	6456172		6466	20170210222600
245	Centre_de_formation_de_l'En_Avant_de_Guingamp	6570163		4619	20170212235245
246	Meilleur_buteur_du_championnat_de_Tunisie_de_football	6590016		14937	20170213051720
247	Meilleur_footballeur_tunisien	6590018		3076	20170213051720
248	Golden_Foot	6658802		5200	20170128232650
249	Meilleurs_buteurs_de_football_sur_une_saison	6719260		20606	20170213051916
250	Cuju	6748174		8268	20170131050000
251	Golden_Boy_(football)	6825870		7252	20170116182819
252	Histoire_du_football_en_Afrique_française_du_Nord	6971846		113655	20170215022446
253	Crampons_(chaussure)	7194213		6778	20170213001750
254	Liste_de_stades_de_football_tunisiens	7212827		5235	20170213053123
255	Showbol	7228936		634	20170213053139
256	Médaille_Johnny-Warren	7316008		6983	20170215022802
257	Meilleurs_buteurs_du_championnat_d'Australie_de_football	7317759		10192	20170116190626
258	Foot_de_boue	7320654		2542	20170213053341
259	Statistiques_et_records_de_l'Athlétic_Club_Arles-Avignon	7356209		29089	20170215022831
260	Transfert_(football)	7368022		43650	20170214104855
261	Football_aux_Jeux_de_la_Francophonie	7385551		4137	20170213053540
262	Statistiques_et_records_de_la_Coupe_du_monde_de_football_de_plage	7465856		21064	20170215023010
263	Statistiques_et_records_du_FC_Barcelone	7494003		177409	20170215034104
264	Lois_du_football_de_plage	7514190		13258	20170213003024
265	Centre_de_formation_de_l'AS_Monaco	7555397		5809	20170215023147
266	Association_sportive_saint-eugénoise	7647588		5193	20170215023253
267	Footballeur_letton_de_l'année	7793997		5184	20170213054435
268	Footballeur_paraguayen_de_l'année	7794256		2966	20170213054435
269	Footballeur_slovaque_de_l'année	7794319		1918	20170213054435
270	Footballeur_géorgien_de_l'année	7794479		3798	20170214182634
271	Entraîneur_allemand_de_l'année	7794498		1437	20170213054435
272	Footballeur_chilien_de_l'année	7795936		5469	20170213054438
273	Footballeur_kazakh_de_l'année	7796249		3025	20170213054438
274	Footballeur_moldave_de_l'année	7796442		4635	20170214184902
275	Footballeur_serbe_de_l'année	7799187		3850	20170213054441
276	Équipe_réserve_et_centre_de_formation_du_Bayern_Munich	7857579		19390	20170215023610
277	Hymne_de_la_Ligue_des_champions_de_l'UEFA	7869181		7475	20170215112444
278	Tiki-taka	7903753		4748	20170213054722
279	Tournoi_d'ouverture_et_de_clôture	7908475		5447	20170213054743
280	Cour_belge_d'arbitrage_pour_le_sport	7926991		3769	20170201200511
281	Racisme_dans_le_football	7932903		37135	20170215023727
282	Affaire_Dahmane	7952584		5590	20170127073757
283	Statistiques_et_records_de_l'équipe_d'Algérie_de_football	7966007		57996	20170214165320
284	Technologie_sur_la_ligne_de_but	8043053		8520	20170213010348
285	But_fantôme	8045510		8706	20170214165411
286	Pause_fraîcheur	8074933		2427	20170116200215
287	Miracle_de_Cordoba	8102354		91	20170123011244
288	Sport/Foot_Magazine	8172682		2326	20170213055346
289	Équipe_réserve_et_académie_du_Manchester_City_Football_Club	8173349		44158	20170213011103
290	Scottish_Football_Hall_of_Fame	8178469		6988	20170116200912
291	Liste_des_footballeurs_sélectionnés_en_Scottish_League_XI	8182879		47837	20170116200919
292	Centre_de_formation_du_Dijon_FCO	8251465		18712	20170215024035
293	Footgolf	8339207		7420	20170215024150
294	Centre_de_formation_du_Havre_Athletic_Club_Football_Association	8438336		20772	20170215024341
295	Scotch_Professors	8462949		3100	20170116202538
296	Statistiques_et_records_du_Dijon_FCO	8466776		84278	20170127080406
297	Double_nationalité_au_football	8494723		20398	20170215024426
298	Maillot_de_l'Olympique_de_Marseille	8556590		33502	20170213013035
299	Maillot_du_FC_Barcelone	8557480		21297	20170203004711
300	Équipe_ascenseur	8573914		34174	20170213013136
301	Spray_temporaire	8577220		5681	20170213013149
302	Désastre_d'Ibrox_de_1902	8633073		2234	20170213013429
303	Désastre_d'Ibrox_de_1971	8633085		2949	20170127081331
304	Tableau_d'honneur_de_l'équipe_d'Écosse_de_football	8653183		8097	20170127081436
305	Hamilton_Crescent	8655821		1802	20170213060051
306	Drame_de_Loujniki	8738734		5729	20170213232304
307	Tragédie_de_l'Estadio_Nacional	8739235		7669	20170213232304
308	Tragédie_du_Stade_d'Accra_de_2001	8740833		2420	20170213232304
309	Tragédie_de_la_porte_12	8740894		3474	20170213232304
310	Tragédie_du_Stade_Dasarath_Rangasala	8740955		1433	20170215024708
311	Statistiques_et_records_de_la_Coupe_d'Afrique_de_football	8748136		42296	20170213014008
312	Tragédie_du_Stade_Karaïskaki	8750684		2773	20170213232304
313	Tragédie_du_Stade_Atatürk_de_Kayseri	8788666		1705	20170215024752
314	Liste_des_coups_du_chapeau_en_Premier_League	8865939		146135	20170213014618
315	Liste_des_coups_du_chapeau_en_Coupe_du_monde_de_football	9036029		33435	20170214165802
316	Maillot_de_football	9133132		2507	20170213060703
317	Statistiques_et_records_du_Mouloudia_Club_d'Alger	9139583		25736	20170214165330
318	Footballeur_argentin_de_l'année	9206689		8089	20170116212913
319	Règles_de_Cambridge	9221252		3908	20170213020313
320	Finale_de_la_Coupe_du_monde_féminine_de_football_2015	9262981		2130	20170213060926
321	Tierce_propriété_dans_le_football	9268388		2038	20170213060931
322	Football_dans_l'Empire_ottoman	9272958		11913	20170213020637
323	Transfermarkt	9274581		3685	20170213020656
324	Règles_de_Sheffield	9293606		2435	20170213020748
325	Poste_(football)	9296699		13678	20170215162902
326	Tout_le_foot_minute_par_minute	9306806		1526	20170215025159
327	Football_aux_îles_Marshall	9333187		1466	20170215025215
328	Prêt_(sport)	9365498		838	20170213061232
329	Meneur_de_jeu_(football)	9417956		2577	20170215025342
330	Liste_des_plus_grands_stades_en_France	9437106		87972	20170213022048
331	Liste_de_stades_de_football_en_Écosse	9450888		15978	20170213022148
332	Meilleur_footballeur_tunisien_de_l'année	9474995		1608	20170213061417
333	Olive_et_Tom,_champions_de_foot_(chanson)	9560683		2351	20170210224817
334	Meilleur_footballeur_du_championnat_d'Écosse_SFWA	9634080		15923	20170213024540
335	Coupe_du_monde_de_footgolf	9680837		5906	20170215025718
336	European_Footgolf_Trophy_Tour	9688959		4146	20170213061810
337	Championnat_de_France_de_footgolf	9689624		5216	20170213061811
338	Simulation_(sport)	9835512		2924	20170213025946
339	Voetbal_International	9947668		689	20170213062308
340	Contre-attaque_(sport_collectif)	9994927		6500	20170213030905
341	Football_à_la_télévision_en_France	10006060		97178	20170213030940
342	Liste_des_stades_de_football_belges	10052587		10535	20170215030216
343	Victory_International	10061531		12984	20170213031315
344	Footballeur_islandais_de_l'année	10095048		12326	20170213031532
345	Football_bulle	10095363		761	20170213062614
346	Records_et_statistiques_de_la_Ligue_des_champions_de_l'UEFA	10123365		112323	20170213031733
347	Football_en_Autriche-Hongrie	10125018		6087	20170215030309
348	Championnat_du_monde_de_football_virtuel	10147395		133798	20170214165949
349	Groupama_OL_Training_Center	10309965		2116	20170213063046
350	Football_médiéval	10359553		40347	20170213033413
351	Statistiques_et_records_de_l'équipe_du_Portugal_de_football	10469768		28534	20170214165339
352	Ligue_nationale_de_football_professionnel_(Gabon)	10503027		1238	20170215035011
353	Doyen_Sports_Investments_Limited	10508599		23800	20170215030741
354	Centre_de_formation_du_Stade_Malherbe_Caen	10585754		10484	20170215113037
355	Tragédie_du_stade_du_4-Janvier	10642873		7021	20170215082616
